u = 347, 0 1 0 1 0 1 1 0 1 1 
v = 68, 0 0 0 1 0 0 0 1 0 0 
r = 0, 0 0 0 0 0 0 0 0 0 0 
s = 1, 0 0 0 0 0 0 0 0 0 1 
_______________________________________________________________________________________________________
u = 347, 0 1 0 1 0 1 1 0 1 1 
v = 136, 0 0 1 0 0 0 1 0 0 0 
r = 0, 0 0 0 0 0 0 0 0 0 0 
s = 1, 0 0 0 0 0 0 0 0 0 1 
_______________________________________________________________________________________________________
u = 347, 0 1 0 1 0 1 1 0 1 1 
v = 272, 0 1 0 0 0 1 0 0 0 0 
r = 0, 0 0 0 0 0 0 0 0 0 0 
s = 1, 0 0 0 0 0 0 0 0 0 1 
_______________________________________________________________________________________________________
0
u = 347, 0 1 0 1 0 1 1 0 1 1 
v = 272, 0 1 0 0 0 1 0 0 0 0 
u = 75, 0 0 0 1 0 0 1 0 1 1 
v = 272, 0 1 0 0 0 1 0 0 0 0 
r = -1, 1 1 1 1 1 1 1 1 1 1 
s = 1, 0 0 0 0 0 0 0 0 0 1 
_______________________________________________________________________________________________________
u = 150, 0 0 1 0 0 1 0 1 1 0 
v = 272, 0 1 0 0 0 1 0 0 0 0 
r = -1, 1 1 1 1 1 1 1 1 1 1 
s = 174, 0 0 1 0 1 0 1 1 1 0 
_______________________________________________________________________________________________________
u = 300, 0 1 0 0 1 0 1 1 0 0 
v = 272, 0 1 0 0 0 1 0 0 0 0 
r = -1, 1 1 1 1 1 1 1 1 1 1 
s = 87, 0 0 0 1 0 1 0 1 1 1 
_______________________________________________________________________________________________________
0
u = 300, 0 1 0 0 1 0 1 1 0 0 
v = 272, 0 1 0 0 0 1 0 0 0 0 
u = 28, 0 0 0 0 0 1 1 1 0 0 
v = 272, 0 1 0 0 0 1 0 0 0 0 
r = -88, 1 1 1 0 1 0 1 0 0 0 
s = 87, 0 0 0 1 0 1 0 1 1 1 
_______________________________________________________________________________________________________
u = 56, 0 0 0 0 1 1 1 0 0 0 
v = 272, 0 1 0 0 0 1 0 0 0 0 
r = -88, 1 1 1 0 1 0 1 0 0 0 
s = 217, 0 0 1 1 0 1 1 0 0 1 
_______________________________________________________________________________________________________
u = 112, 0 0 0 1 1 1 0 0 0 0 
v = 272, 0 1 0 0 0 1 0 0 0 0 
r = -88, 1 1 1 0 1 0 1 0 0 0 
s = 282, 0 1 0 0 0 1 1 0 1 0 
_______________________________________________________________________________________________________
u = 224, 0 0 1 1 1 0 0 0 0 0 
v = 272, 0 1 0 0 0 1 0 0 0 0 
r = -88, 1 1 1 0 1 0 1 0 0 0 
s = 141, 0 0 1 0 0 0 1 1 0 1 
_______________________________________________________________________________________________________
u = 448, 0 1 1 1 0 0 0 0 0 0 
v = 272, 0 1 0 0 0 1 0 0 0 0 
r = -88, 1 1 1 0 1 0 1 0 0 0 
s = 244, 0 0 1 1 1 1 0 1 0 0 
_______________________________________________________________________________________________________
0
u = 448, 0 1 1 1 0 0 0 0 0 0 
v = 272, 0 1 0 0 0 1 0 0 0 0 
u = 448, 0 1 1 1 0 0 0 0 0 0 
v = -176, 1 1 0 1 0 1 0 0 0 0 
r = -88, 1 1 1 0 1 0 1 0 0 0 
s = 332, 0 1 0 1 0 0 1 1 0 0 
_______________________________________________________________________________________________________
u = 448, 0 1 1 1 0 0 0 0 0 0 
v = -352, 1 0 1 0 1 0 0 0 0 0 
r = -44, 1 1 1 1 0 1 0 1 0 0 
s = 332, 0 1 0 1 0 0 1 1 0 0 
_______________________________________________________________________________________________________
1
u = 448, 0 1 1 1 0 0 0 0 0 0 
v = -352, 1 0 1 0 1 0 0 0 0 0 
u = 448, 0 1 1 1 0 0 0 0 0 0 
v = 96, 0 0 0 1 1 0 0 0 0 0 
r = -44, 1 1 1 1 0 1 0 1 0 0 
s = 288, 0 1 0 0 1 0 0 0 0 0 
_______________________________________________________________________________________________________
u = 448, 0 1 1 1 0 0 0 0 0 0 
v = 192, 0 0 1 1 0 0 0 0 0 0 
r = -22, 1 1 1 1 1 0 1 0 1 0 
s = 288, 0 1 0 0 1 0 0 0 0 0 
_______________________________________________________________________________________________________
u = 448, 0 1 1 1 0 0 0 0 0 0 
v = 384, 0 1 1 0 0 0 0 0 0 0 
r = -11, 1 1 1 1 1 1 0 1 0 1 
s = 288, 0 1 0 0 1 0 0 0 0 0 
_______________________________________________________________________________________________________
0
u = 448, 0 1 1 1 0 0 0 0 0 0 
v = 384, 0 1 1 0 0 0 0 0 0 0 
u = 448, 0 1 1 1 0 0 0 0 0 0 
v = -64, 1 1 1 1 0 0 0 0 0 0 
r = -11, 1 1 1 1 1 1 0 1 0 1 
s = 299, 0 1 0 0 1 0 1 0 1 1 
_______________________________________________________________________________________________________
u = 448, 0 1 1 1 0 0 0 0 0 0 
v = -128, 1 1 1 0 0 0 0 0 0 0 
r = 168, 0 0 1 0 1 0 1 0 0 0 
s = 299, 0 1 0 0 1 0 1 0 1 1 
_______________________________________________________________________________________________________
u = 448, 0 1 1 1 0 0 0 0 0 0 
v = -256, 1 1 0 0 0 0 0 0 0 0 
r = 84, 0 0 0 1 0 1 0 1 0 0 
s = 299, 0 1 0 0 1 0 1 0 1 1 
_______________________________________________________________________________________________________
1
u = 448, 0 1 1 1 0 0 0 0 0 0 
v = -256, 1 1 0 0 0 0 0 0 0 0 
r = 383, 0 1 0 1 1 1 1 1 1 1 
r = 36, 0 0 0 0 1 0 0 1 0 0 
u = 192, 0 0 1 1 0 0 0 0 0 0 
v = -256, 1 1 0 0 0 0 0 0 0 0 
r = 36, 0 0 0 0 1 0 0 1 0 0 
s = 299, 0 1 0 0 1 0 1 0 1 1 
_______________________________________________________________________________________________________
u = 384, 0 1 1 0 0 0 0 0 0 0 
v = -256, 1 1 0 0 0 0 0 0 0 0 
r = 36, 0 0 0 0 1 0 0 1 0 0 
s = 323, 0 1 0 1 0 0 0 0 1 1 
_______________________________________________________________________________________________________
1
u = 384, 0 1 1 0 0 0 0 0 0 0 
v = -256, 1 1 0 0 0 0 0 0 0 0 
r = 359, 0 1 0 1 1 0 0 1 1 1 
r = 12, 0 0 0 0 0 0 1 1 0 0 
