10 4 13 1 5 11 10 4 0 7 2 2 3 2 2
2 -267 107 -106 9 16 25 10 0 14 5 5 4 5 5
2 -267 107 -106 9 16 25 10 0 14 5 5 4 5 5
180 -6489 269 -22 10 28 35 14 0 20 7 7 6 7 7
180 136 269 1 9 25 35 14 0 20 7 7 6 7 7
2 54 107 1 4 20 25 10 0 14 5 5 4 5 5
180 136 269 1 9 25 35 14 0 20 7 7 6 7 7
6608 6296 12197 1 19 35 60 24 0 33 12 12 9 12 12
68 148 347 1 12 23 35 14 0 21 7 7 7 7 7
68 148 347 1 12 23 35 14 0 21 7 7 7 7 7
68 148 347 1 12 23 35 14 0 21 7 7 7 7 7
68 148 347 1 12 23 35 14 0 21 7 7 7 7 7
68 -18543 347 -273 13 28 35 14 0 21 7 7 7 7 7
