a, r, p, (r*a)%p, add ,sub, shift, even, neg, loop, fbr, sbr, tbr
2 2 3 1 0 4 0 0 0 1 0 0 1
2 3 5 1 0 5 3 1 0 2 0 1 1
3 2 5 1 0 4 3 1 0 2 0 1 1
4 4 5 1 0 4 0 0 0 1 0 0 1
2 4 7 1 1 8 5 2 0 4 1 1 2
3 5 7 1 0 5 3 1 0 2 0 1 1
4 2 7 1 4 11 5 2 0 5 1 1 3
5 3 7 1 1 9 3 1 0 3 1 0 2
6 6 7 1 0 4 0 0 0 1 0 0 1
2 6 11 1 1 9 10 4 0 6 2 2 2
3 4 11 1 0 4 6 2 0 3 0 2 1
4 3 11 1 4 12 10 4 0 7 2 2 3
5 9 11 1 0 5 3 1 0 2 0 1 1
6 2 11 1 0 4 3 1 0 2 0 1 1
7 8 11 1 3 6 8 3 0 5 2 1 2
8 7 11 1 5 16 10 4 0 8 2 2 4
9 5 11 1 1 9 6 2 0 4 2 0 2
10 10 11 1 0 4 0 0 0 1 0 0 1
2 7 13 1 1 9 8 3 0 5 1 2 2
3 9 13 1 0 6 6 2 0 3 0 2 1
4 10 13 1 1 8 5 2 0 4 1 1 2
5 8 13 1 2 8 8 3 0 5 2 1 2
6 11 13 1 0 5 3 1 0 2 0 1 1
7 2 13 1 0 4 3 1 0 2 0 1 1
8 5 13 1 4 12 8 3 0 6 1 2 3
9 3 13 1 1 9 3 1 0 3 1 0 2
10 4 13 1 5 11 10 4 0 7 2 2 3
11 6 13 1 3 13 10 4 0 7 2 2 3
12 12 13 1 0 4 0 0 0 1 0 0 1
2 9 17 1 0 7 9 3 0 4 0 3 1
3 6 17 1 4 7 13 5 0 7 2 3 2
4 13 17 1 0 6 6 2 0 3 0 2 1
5 7 17 1 5 7 13 5 0 7 3 2 2
6 3 17 1 4 7 10 4 0 6 2 2 2
7 5 17 1 5 12 13 5 0 8 3 2 3
8 15 17 1 0 5 3 1 0 2 0 1 1
9 2 17 1 0 4 3 1 0 2 0 1 1
10 12 17 1 6 11 15 6 0 9 3 3 3
11 14 17 1 4 7 8 3 0 5 2 1 2
12 10 17 1 5 16 15 6 0 10 3 3 4
13 4 17 1 4 14 10 4 0 8 2 2 4
14 11 17 1 5 16 15 6 0 10 3 3 4
15 8 17 1 5 18 15 6 0 11 3 3 5
16 16 17 1 0 4 0 0 0 1 0 0 1
2 10 19 1 2 9 15 6 0 8 3 3 2
3 13 19 1 3 7 13 5 0 7 2 3 2
4 5 19 1 5 12 15 6 0 9 3 3 3
5 4 19 1 0 4 6 2 0 3 0 2 1
6 16 19 1 3 6 10 4 0 6 2 2 2
7 11 19 1 8 17 15 6 0 11 3 3 5
8 12 19 1 6 16 15 6 0 10 3 3 4
9 17 19 1 0 5 3 1 0 2 0 1 1
10 2 19 1 0 4 3 1 0 2 0 1 1
11 7 19 1 4 8 11 4 0 6 3 1 2
12 8 19 1 7 8 13 5 0 8 2 3 3
13 3 19 1 3 8 8 3 0 5 2 1 2
14 15 19 1 4 16 10 4 0 8 2 2 4
15 14 19 1 6 18 13 5 0 10 3 2 5
16 6 19 1 8 19 15 6 0 11 3 3 5
17 9 19 1 2 10 9 3 0 5 3 0 2
18 18 19 1 0 4 0 0 0 1 0 0 1
2 12 23 1 1 13 15 6 0 9 3 3 3
3 8 23 1 0 4 9 3 0 4 0 3 1
4 6 23 1 4 16 15 6 0 10 3 3 4
5 14 23 1 1 10 13 5 0 7 3 2 2
6 4 23 1 0 4 6 2 0 3 0 2 1
7 10 23 1 4 15 15 6 0 10 3 3 4
8 3 23 1 4 12 10 4 0 7 2 2 3
9 18 23 1 1 9 8 3 0 5 2 1 2
10 7 23 1 5 13 15 6 0 9 3 3 3
11 21 23 1 0 5 3 1 0 2 0 1 1
12 2 23 1 0 4 3 1 0 2 0 1 1
13 16 23 1 3 6 11 4 0 6 3 1 2
14 5 23 1 6 9 10 4 0 7 2 2 3
15 20 23 1 3 6 8 3 0 5 2 1 2
16 13 23 1 6 20 15 6 0 11 3 3 5
17 19 23 1 5 13 10 4 0 7 2 2 3
18 9 23 1 6 12 13 5 0 8 2 3 3
19 17 23 1 7 16 15 6 0 10 3 3 4
20 15 23 1 6 17 15 6 0 10 3 3 4
21 11 23 1 3 14 13 5 0 8 3 2 3
22 22 23 1 0 4 0 0 0 1 0 0 1
2 15 29 1 3 13 13 5 0 8 2 3 3
3 10 29 1 2 10 13 5 0 7 2 3 2
4 22 29 1 3 12 10 4 0 7 2 2 3
5 6 29 1 1 9 8 3 0 5 1 2 2
6 5 29 1 2 10 10 4 0 6 2 2 2
7 25 29 1 0 6 6 2 0 3 0 2 1
8 11 29 1 4 16 13 5 0 9 2 3 4
9 13 29 1 2 15 11 4 0 7 3 1 3
10 3 29 1 1 9 5 2 0 4 1 1 2
11 8 29 1 5 11 13 5 0 8 2 3 3
12 17 29 1 3 14 13 5 0 8 2 3 3
13 9 29 1 2 10 11 4 0 6 3 1 2
14 27 29 1 0 5 3 1 0 2 0 1 1
15 2 29 1 0 4 3 1 0 2 0 1 1
16 20 29 1 8 18 15 6 0 11 3 3 5
17 12 29 1 5 20 15 6 0 11 3 3 5
18 21 29 1 7 19 15 6 0 11 3 3 5
19 26 29 1 1 8 3 1 0 3 1 0 2
20 16 29 1 3 12 11 4 0 7 1 3 3
21 18 29 1 4 16 13 5 0 9 3 2 4
22 4 29 1 5 11 10 4 0 7 2 2 3
23 24 29 1 2 8 6 2 0 4 2 0 2
24 23 29 1 3 13 10 4 0 7 2 2 3
25 7 29 1 3 13 8 3 0 6 2 1 3
26 19 29 1 4 13 15 6 0 9 3 3 3
27 14 29 1 4 17 15 6 0 10 3 3 4
28 28 29 1 0 4 0 0 0 1 0 0 1
2 16 31 1 1 16 15 6 0 10 3 3 4
3 21 31 1 1 10 13 5 0 7 2 3 2
4 8 31 1 4 19 15 6 0 11 3 3 5
5 25 31 1 1 9 8 3 0 5 1 2 2
6 26 31 1 1 9 10 4 0 6 2 2 2
7 9 31 1 1 9 13 5 0 7 3 2 2
8 4 31 1 4 15 10 4 0 8 2 2 4
9 7 31 1 1 14 8 3 0 6 2 1 3
10 28 31 1 1 8 5 2 0 4 1 1 2
11 17 31 1 7 13 15 6 0 10 3 3 4
12 13 31 1 8 15 15 6 0 10 3 3 4
13 12 31 1 3 13 13 5 0 8 2 3 3
14 20 31 1 3 13 15 6 0 9 3 3 3
15 29 31 1 0 5 3 1 0 2 0 1 1
16 2 31 1 4 11 5 2 0 5 1 1 3
17 11 31 1 7 15 11 4 0 8 3 1 4
18 19 31 1 8 19 13 5 0 10 2 3 5
19 18 31 1 8 14 13 5 0 9 3 2 4
20 14 31 1 9 15 15 6 0 10 3 3 4
21 3 31 1 1 9 3 1 0 3 1 0 2
22 24 31 1 3 12 8 3 0 6 1 2 3
23 27 31 1 6 16 10 4 0 8 2 2 4
24 22 31 1 9 19 15 6 0 11 3 3 5
25 5 31 1 1 9 6 2 0 4 2 0 2
26 6 31 1 3 13 10 4 0 7 2 2 3
27 23 31 1 6 22 15 6 0 11 3 3 5
28 10 31 1 6 15 15 6 0 10 3 3 4
29 15 31 1 4 18 13 5 0 9 3 2 4
30 30 31 1 0 4 0 0 0 1 0 0 1
2 19 37 1 2 10 18 7 0 9 3 4 2
3 25 37 1 4 9 16 6 0 8 2 4 2
4 28 37 1 2 9 15 6 0 8 3 3 2
5 15 37 1 4 9 18 7 0 9 4 3 2
6 31 37 1 4 8 13 5 0 7 2 3 2
7 16 37 1 6 20 20 8 0 14 4 4 6
8 14 37 1 5 12 18 7 0 10 3 4 3
9 33 37 1 0 6 6 2 0 3 0 2 1
10 26 37 1 5 13 20 8 0 11 4 4 3
11 27 37 1 5 11 18 7 0 10 3 4 3
12 34 37 1 4 7 10 4 0 6 2 2 2
13 20 37 1 9 13 18 7 0 11 4 3 4
14 8 37 1 8 14 15 6 0 11 3 3 5
15 5 37 1 4 13 13 5 0 8 3 2 3
16 7 37 1 5 12 15 6 0 9 3 3 3
17 24 37 1 5 11 18 7 0 10 4 3 3
18 35 37 1 0 5 3 1 0 2 0 1 1
19 2 37 1 0 4 3 1 0 2 0 1 1
20 13 37 1 8 15 20 8 0 12 4 4 4
21 30 37 1 4 7 11 4 0 6 3 1 2
22 32 37 1 5 10 15 6 0 9 3 3 3
23 29 37 1 7 11 13 5 0 8 2 3 3
24 17 37 1 11 13 20 8 0 12 4 4 4
25 3 37 1 4 7 8 3 0 5 2 1 2
26 10 37 1 8 24 20 8 0 14 4 4 6
27 11 37 1 8 21 18 7 0 13 4 3 6
28 4 37 1 4 14 10 4 0 8 2 2 4
29 23 37 1 9 20 18 7 0 13 3 4 6
30 21 37 1 6 22 20 8 0 13 4 4 5
31 6 37 1 5 15 15 6 0 10 3 3 4
32 22 37 1 7 15 18 7 0 11 3 4 4
33 9 37 1 2 10 9 3 0 5 3 0 2
34 12 37 1 9 14 20 8 0 12 4 4 4
35 18 37 1 5 14 20 8 0 11 4 4 3
36 36 37 1 0 4 0 0 0 1 0 0 1
2 21 41 1 2 10 16 6 0 8 2 4 2
3 14 41 1 5 7 18 7 0 9 3 4 2
4 31 41 1 2 9 13 5 0 7 2 3 2
5 33 41 1 0 7 9 3 0 4 0 3 1
6 7 41 1 5 7 15 6 0 8 3 3 2
7 6 41 1 4 7 13 5 0 7 2 3 2
8 36 41 1 2 8 10 4 0 6 2 2 2
9 32 41 1 3 8 13 5 0 7 3 2 2
10 37 41 1 0 6 6 2 0 3 0 2 1
11 15 41 1 5 8 16 6 0 8 4 2 2
12 393 41 1 7 18 20 8 0 12 4 4 4
13 19 41 1 5 16 18 7 0 11 4 3 4
14 3 41 1 4 7 10 4 0 6 2 2 2
15 11 41 1 11 21 18 7 0 13 4 3 6
16 18 41 1 5 13 16 6 0 9 2 4 3
17 29 41 1 6 18 18 7 0 11 3 4 4
18 16 41 1 6 11 18 7 0 10 3 4 3
19 13 41 1 6 13 18 7 0 10 4 3 3
20 39 41 1 0 5 3 1 0 2 0 1 1
21 2 41 1 0 4 3 1 0 2 0 1 1
22 28 41 1 6 11 20 8 0 11 4 4 3
23 25 41 1 8 12 18 7 0 10 3 4 3
24 12 41 1 10 18 20 8 0 13 4 4 5
25 23 41 1 13 19 20 8 0 14 4 4 6
26 30 41 1 10 16 20 8 0 13 4 4 5
27 38 41 1 4 7 8 3 0 5 2 1 2
28 473 41 1 6 22 20 8 0 13 4 4 5
29 17 41 1 5 21 18 7 0 12 4 3 5
30 26 41 1 8 26 20 8 0 15 4 4 7
31 4 41 1 4 14 10 4 0 8 2 2 4
32 9 41 1 5 13 13 5 0 8 2 3 3
33 5 41 1 2 10 6 2 0 4 2 0 2
34 35 41 1 6 17 15 6 0 10 3 3 4
35 34 41 1 6 13 13 5 0 8 3 2 3
36 8 41 1 6 11 15 6 0 9 3 3 3
37 10 41 1 4 14 15 6 0 9 3 3 3
38 27 41 1 7 17 20 8 0 12 4 4 4
39 20 41 1 5 18 20 8 0 12 4 4 4
40 40 41 1 0 4 0 0 0 1 0 0 1
2 22 43 1 4 14 20 8 0 11 4 4 3
3 29 43 1 4 8 18 7 0 9 3 4 2
4 11 43 1 5 19 20 8 0 12 4 4 4
5 26 43 1 3 9 18 7 0 9 4 3 2
6 36 43 1 4 7 15 6 0 8 3 3 2
7 37 43 1 3 7 13 5 0 7 2 3 2
8 27 43 1 5 23 20 8 0 13 4 4 5
9 24 43 1 7 14 18 7 0 11 4 3 4
10 13 43 1 7 13 20 8 0 11 4 4 3
11 4 43 1 0 4 6 2 0 3 0 2 1
12 18 43 1 8 11 18 7 0 10 3 4 3
13 10 43 1 4 15 15 6 0 10 3 3 4
14 40 43 1 3 6 10 4 0 6 2 2 2
15 23 43 1 12 20 20 8 0 14 4 4 6
16 35 43 1 5 14 13 5 0 8 2 3 3
17 38 43 1 1 9 8 3 0 5 2 1 2
18 12 43 1 8 23 20 8 0 14 4 4 6
19 34 43 1 2 9 11 4 0 6 3 1 2
20 28 43 1 7 17 20 8 0 12 4 4 4
21 41 43 1 0 5 3 1 0 2 0 1 1
22 2 43 1 0 4 3 1 0 2 0 1 1
23 15 43 1 5 8 14 5 0 7 4 1 2
24 9 43 1 8 11 15 6 0 9 3 3 3
25 31 43 1 6 12 18 7 0 10 3 4 3
26 5 43 1 6 9 10 4 0 7 2 2 3
27 8 43 1 7 8 13 5 0 8 2 3 3
28 20 43 1 9 11 18 7 0 11 3 4 4
29 3 43 1 3 8 8 3 0 5 2 1 2
30 33 43 1 4 20 15 6 0 11 3 3 5
31 25 43 1 9 21 20 8 0 14 4 4 6
32 39 43 1 5 13 10 4 0 7 2 2 3
33 30 43 1 7 18 18 7 0 12 4 3 5
34 19 43 1 5 13 16 6 0 9 2 4 3
35 16 43 1 5 18 20 8 0 13 4 4 5
36 6 43 1 8 19 15 6 0 11 3 3 5
37 7 43 1 6 13 13 5 0 8 3 2 3
38 17 43 1 6 13 18 7 0 10 3 4 3
39 32 43 1 6 14 18 7 0 11 4 3 4
40 14 43 1 9 19 20 8 0 13 4 4 5
41 21 43 1 5 13 16 6 0 9 4 2 3
42 42 43 1 0 4 0 0 0 1 0 0 1
2 24 47 1 1 17 20 8 0 12 4 4 4
3 16 47 1 0 4 12 4 0 5 0 4 1
4 12 47 1 4 20 20 8 0 13 4 4 5
5 19 47 1 1 14 18 7 0 10 4 3 3
6 8 47 1 0 4 9 3 0 4 0 3 1
7 27 47 1 8 17 20 8 0 13 4 4 5
8 6 47 1 4 16 15 6 0 10 3 3 4
9 21 47 1 1 14 16 6 0 9 4 2 3
10 33 47 1 7 18 20 8 0 13 4 4 5
11 30 47 1 1 11 16 6 0 8 4 2 2
12 4 47 1 0 4 6 2 0 3 0 2 1
13 29 47 1 7 11 18 7 0 10 3 4 3
14 37 47 1 4 16 15 6 0 10 3 3 4
15 22 47 1 5 21 20 8 0 13 4 4 5
16 3 47 1 4 12 10 4 0 7 2 2 3
17 36 47 1 7 14 13 5 0 9 3 2 4
18 34 47 1 9 18 20 8 0 13 4 4 5
19 5 47 1 1 9 8 3 0 5 2 1 2
20 40 47 1 5 14 15 6 0 10 3 3 4
21 9 47 1 1 9 11 4 0 6 3 1 2
22 15 47 1 6 14 20 8 0 11 4 4 3
23 45 47 1 0 5 3 1 0 2 0 1 1
24 2 47 1 0 4 3 1 0 2 0 1 1
25 32 47 1 3 6 14 5 0 7 4 1 2
26 38 47 1 7 10 15 6 0 9 3 3 3
27 7 47 1 3 9 11 4 0 6 3 1 2
28 42 47 1 6 9 10 4 0 7 2 2 3
29 13 47 1 9 15 18 7 0 11 4 3 4
30 11 47 1 10 13 15 6 0 10 3 3 4
31 44 47 1 3 6 8 3 0 5 2 1 2
32 25 47 1 7 24 20 8 0 14 4 4 6
33 10 47 1 6 19 15 6 0 11 3 3 5
34 18 47 1 9 22 18 7 0 13 3 4 6
35 43 47 1 5 13 10 4 0 7 2 2 3
36 17 47 1 11 20 20 8 0 14 4 4 6
37 14 47 1 8 18 20 8 0 12 4 4 4
38 26 47 1 5 14 16 6 0 9 2 4 3
39 41 47 1 7 16 15 6 0 10 3 3 4
40 20 47 1 12 20 20 8 0 14 4 4 6
41 39 47 1 6 14 15 6 0 9 3 3 3
42 28 47 1 5 14 18 7 0 10 3 4 3
43 35 47 1 7 21 20 8 0 13 4 4 5
44 31 47 1 7 18 20 8 0 12 4 4 4
45 23 47 1 6 18 18 7 0 11 4 3 4
46 46 47 1 0 4 0 0 0 1 0 0 1
2 27 53 1 2 13 18 7 0 10 3 4 3
3 18 53 1 2 10 18 7 0 9 3 4 2
4 40 53 1 2 12 15 6 0 9 3 3 3
5 32 53 1 2 12 18 7 0 10 4 3 3
6 9 53 1 2 10 15 6 0 8 3 3 2
7 38 53 1 4 7 18 7 0 9 4 3 2
8 20 53 1 4 16 18 7 0 11 3 4 4
9 6 53 1 1 9 8 3 0 5 1 2 2
10 16 53 1 5 15 20 8 0 12 4 4 4
11 29 53 1 7 15 20 8 0 12 4 4 4
12 31 53 1 3 15 18 7 0 10 3 4 3
13 49 53 1 0 6 6 2 0 3 0 2 1
14 19 53 1 7 10 20 8 0 11 4 4 3
15 46 53 1 4 7 13 5 0 7 3 2 2
16 10 53 1 4 16 15 6 0 10 3 3 4
17 25 53 1 2 15 14 5 0 8 4 1 3
18 3 53 1 1 9 5 2 0 4 1 1 2
19 14 53 1 11 22 20 8 0 14 4 4 6
20 8 53 1 5 11 13 5 0 8 2 3 3
21 48 53 1 2 8 8 3 0 5 2 1 2
22 41 53 1 3 14 13 5 0 8 2 3 3
23 30 53 1 8 15 18 7 0 11 4 3 4
24 42 53 1 3 14 15 6 0 9 3 3 3
25 17 53 1 2 10 14 5 0 7 4 1 2
26 51 53 1 0 5 3 1 0 2 0 1 1
27 2 53 1 0 4 3 1 0 2 0 1 1
28 36 53 1 8 14 20 8 0 12 4 4 4
29 11 53 1 7 9 13 5 0 8 3 2 3
30 23 53 1 11 13 20 8 0 12 4 4 4
31 12 53 1 8 18 15 6 0 11 3 3 5
32 5 53 1 4 12 8 3 0 6 1 2 3
33 45 53 1 7 20 15 6 0 11 3 3 5
34 39 53 1 8 19 20 8 0 13 4 4 5
35 50 53 1 1 8 3 1 0 3 1 0 2
36 28 53 1 4 13 14 5 0 8 1 4 3
37 43 53 1 5 15 15 6 0 10 3 3 4
38 7 53 1 8 23 15 6 0 12 3 3 6
39 34 53 1 6 21 16 6 0 11 4 2 5
40 4 53 1 5 11 10 4 0 7 2 2 3
41 22 53 1 9 20 20 8 0 13 4 4 5
42 24 53 1 11 15 20 8 0 12 4 4 4
43 37 53 1 9 18 20 8 0 12 4 4 4
44 47 53 1 3 13 10 4 0 7 2 2 3
45 33 53 1 8 18 18 7 0 12 3 4 5
46 15 53 1 9 23 20 8 0 14 4 4 6
47 44 53 1 2 9 9 3 0 5 3 0 2
48 21 53 1 7 18 18 7 0 11 3 4 4
49 13 53 1 3 15 11 4 0 7 3 1 3
50 35 53 1 5 14 20 8 0 11 4 4 3
51 26 53 1 5 20 20 8 0 12 4 4 4
52 52 53 1 0 4 0 0 0 1 0 0 1
2 30 59 1 5 17 20 8 0 12 4 4 4
3 20 59 1 1 9 16 6 0 8 2 4 2
4 15 59 1 5 21 20 8 0 13 4 4 5
5 12 59 1 1 9 11 4 0 6 1 3 2
6 10 59 1 1 9 13 5 0 7 2 3 2
7 17 59 1 3 11 18 7 0 9 4 3 2
8 37 59 1 6 24 20 8 0 14 4 4 6
9 46 59 1 2 15 13 5 0 8 3 2 3
10 6 59 1 1 9 8 3 0 5 1 2 2
11 43 59 1 5 22 20 8 0 13 4 4 5
12 5 59 1 1 9 10 4 0 6 2 2 2
13 50 59 1 2 9 13 5 0 7 3 2 2
14 38 59 1 5 15 20 8 0 11 4 4 3
15 4 59 1 0 4 6 2 0 3 0 2 1
16 48 59 1 4 14 13 5 0 9 2 3 4
17 7 59 1 1 14 8 3 0 6 2 1 3
18 23 59 1 6 18 18 7 0 11 3 4 4
19 28 59 1 5 19 20 8 0 12 4 4 4
20 3 59 1 1 9 5 2 0 4 1 1 2
21 45 59 1 7 13 15 6 0 10 3 3 4
22 51 59 1 7 19 15 6 0 11 3 3 5
23 18 59 1 5 12 16 6 0 9 2 4 3
24 32 59 1 3 16 20 8 0 12 4 4 4
25 26 59 1 5 23 20 8 0 14 4 4 6
26 25 59 1 8 15 20 8 0 12 4 4 4
27 35 59 1 8 19 20 8 0 13 4 4 5
28 19 59 1 7 17 20 8 0 12 4 4 4
29 57 59 1 0 5 3 1 0 2 0 1 1
30 2 59 1 0 4 3 1 0 2 0 1 1
31 40 59 1 9 10 18 7 0 10 4 3 3
32 24 59 1 12 17 18 7 0 12 3 4 5
33 34 59 1 14 24 18 7 0 14 4 3 7
34 33 59 1 9 20 16 6 0 11 2 4 5
35 27 59 1 7 23 18 7 0 12 4 3 5
36 41 59 1 9 19 20 8 0 13 4 4 5
37 8 59 1 7 14 15 6 0 10 3 3 4
38 14 59 1 9 15 15 6 0 10 3 3 4
39 56 59 1 1 8 3 1 0 3 1 0 2
40 31 59 1 5 18 20 8 0 12 4 4 4
41 36 59 1 7 15 18 7 0 11 4 3 4
42 52 59 1 3 12 8 3 0 6 1 2 3
43 11 59 1 7 18 13 5 0 9 3 2 4
44 55 59 1 5 16 10 4 0 8 2 2 4
45 21 59 1 7 14 16 6 0 10 4 2 4
46 9 59 1 5 12 13 5 0 8 2 3 3
47 54 59 1 1 9 6 2 0 4 2 0 2
48 16 59 1 5 18 20 8 0 13 4 4 5
49 53 59 1 3 13 10 4 0 7 2 2 3
50 13 59 1 7 17 15 6 0 11 3 3 5
51 22 59 1 7 25 20 8 0 14 4 4 6
52 42 59 1 9 18 20 8 0 13 4 4 5
53 49 59 1 4 14 15 6 0 9 3 3 3
54 47 59 1 4 18 15 6 0 10 3 3 4
55 44 59 1 7 20 18 7 0 12 4 3 5
56 39 59 1 7 21 20 8 0 13 4 4 5
57 29 59 1 5 18 16 6 0 10 4 2 4
58 58 59 1 0 4 0 0 0 1 0 0 1
2 31 61 1 4 17 18 7 0 11 3 4 4
3 41 61 1 2 10 16 6 0 8 2 4 2
4 46 61 1 4 16 15 6 0 10 3 3 4
5 49 61 1 1 10 11 4 0 6 1 3 2
6 51 61 1 2 9 13 5 0 7 2 3 2
7 35 61 1 7 13 20 8 0 12 4 4 4
8 23 61 1 5 22 18 7 0 12 3 4 5
9 34 61 1 7 19 18 7 0 12 4 3 5
10 55 61 1 1 9 8 3 0 5 1 2 2
11 50 61 1 4 12 13 5 0 8 3 2 3
12 56 61 1 2 8 10 4 0 6 2 2 2
13 47 61 1 7 14 15 6 0 10 3 3 4
14 48 61 1 3 12 15 6 0 9 3 3 3
15 57 61 1 0 6 6 2 0 3 0 2 1
16 42 61 1 10 24 20 8 0 14 4 4 6
17 18 61 1 6 21 20 8 0 13 4 4 5
18 17 61 1 8 28 20 8 0 15 4 4 7
19 45 61 1 5 22 20 8 0 13 4 4 5
20 58 61 1 1 8 5 2 0 4 1 1 2
21 32 61 1 7 12 18 7 0 11 4 3 4
22 25 61 1 6 14 18 7 0 11 3 4 4
23 8 61 1 5 11 13 5 0 8 2 3 3
24 28 61 1 9 15 18 7 0 11 3 4 4
25 22 61 1 4 13 16 6 0 9 2 4 3
26 54 61 1 3 13 10 4 0 7 2 2 3
27 52 61 1 2 9 11 4 0 6 3 1 2
28 24 61 1 6 15 18 7 0 11 3 4 4
29 40 61 1 4 13 18 7 0 10 4 3 3
30 59 61 1 0 5 3 1 0 2 0 1 1
31 2 61 1 0 4 3 1 0 2 0 1 1
32 21 61 1 10 18 20 8 0 13 4 4 5
33 37 61 1 10 18 18 7 0 12 3 4 5
34 9 61 1 10 21 15 6 0 12 3 3 6
35 7 61 1 6 14 8 3 0 7 2 1 4
36 39 61 1 5 22 20 8 0 13 4 4 5
37 33 61 1 9 18 20 8 0 13 4 4 5
38 53 61 1 7 19 15 6 0 11 3 3 5
39 36 61 1 7 15 18 7 0 11 4 3 4
40 29 61 1 7 16 18 7 0 11 3 4 4
41 3 61 1 1 9 3 1 0 3 1 0 2
42 16 61 1 5 18 20 8 0 13 4 4 5
43 44 61 1 7 21 18 7 0 13 4 3 6
44 43 61 1 5 20 20 8 0 13 4 4 5
45 19 61 1 4 19 16 6 0 11 4 2 5
46 4 61 1 5 11 10 4 0 7 2 2 3
47 13 61 1 8 16 13 5 0 9 3 2 4
48 14 61 1 9 15 15 6 0 10 3 3 4
49 5 61 1 2 10 6 2 0 4 2 0 2
50 11 61 1 4 13 13 5 0 8 2 3 3
51 6 61 1 3 13 10 4 0 7 2 2 3
52 27 61 1 6 16 16 6 0 10 2 4 4
53 38 61 1 8 20 18 7 0 12 4 3 5
54 26 61 1 8 15 20 8 0 12 4 4 4
55 10 61 1 4 14 15 6 0 9 3 3 3
56 12 61 1 6 15 15 6 0 10 3 3 4
57 15 61 1 3 18 13 5 0 9 3 2 4
58 20 61 1 7 16 20 8 0 12 4 4 4
59 30 61 1 5 22 20 8 0 13 4 4 5
60 60 61 1 0 4 0 0 0 1 0 0 1
2 34 67 1 3 10 25 10 0 12 5 5 2
3 45 67 1 6 10 23 9 0 12 4 5 3
4 17 67 1 6 13 25 10 0 13 5 5 3
5 27 67 1 7 13 23 9 0 12 5 4 3
6 56 67 1 6 9 20 8 0 11 4 4 3
7 48 67 1 7 13 23 9 0 13 5 4 4
8 42 67 1 7 17 25 10 0 14 5 5 4
9 15 67 1 4 9 18 7 0 9 4 3 2
10 47 67 1 8 17 25 10 0 14 5 5 4
11 61 67 1 3 7 13 5 0 7 2 3 2
12 28 67 1 8 12 23 9 0 13 4 5 4
13 31 67 1 6 21 23 9 0 14 5 4 5
14 24 67 1 11 17 25 10 0 15 5 5 5
15 9 67 1 4 13 18 7 0 10 4 3 3
16 21 67 1 9 20 25 10 0 15 5 5 5
17 4 67 1 0 4 6 2 0 3 0 2 1
18 41 67 1 6 14 23 9 0 12 4 5 3
19 60 67 1 4 7 13 5 0 7 3 2 2
20 57 67 1 6 13 18 7 0 10 3 4 3
21 16 67 1 4 14 20 8 0 12 4 4 4
22 64 67 1 3 6 10 4 0 6 2 2 2
23 35 67 1 11 17 25 10 0 15 5 5 5
24 14 67 1 8 12 20 8 0 12 4 4 4
25 59 67 1 8 17 15 6 0 11 3 3 5
26 49 67 1 13 23 25 10 0 17 5 5 7
27 5 67 1 4 11 13 5 0 8 3 2 3
28 12 67 1 5 16 18 7 0 11 3 4 4
29 37 67 1 11 21 25 10 0 16 5 5 6
30 38 67 1 6 22 25 10 0 15 5 5 5
31 13 67 1 5 15 18 7 0 11 4 3 4
32 44 67 1 10 24 25 10 0 16 5 5 6
33 65 67 1 0 5 3 1 0 2 0 1 1
34 2 67 1 0 4 3 1 0 2 0 1 1
35 23 67 1 7 12 21 8 0 11 5 3 3
36 54 67 1 6 13 20 8 0 11 4 4 3
37 29 67 1 9 21 23 9 0 15 5 4 6
38 30 67 1 9 12 21 8 0 11 3 5 3
39 55 67 1 6 12 18 7 0 10 3 4 3
40 62 67 1 6 12 15 6 0 9 3 3 3
41 18 67 1 13 24 25 10 0 17 5 5 7
42 8 67 1 7 8 13 5 0 8 2 3 3
43 53 67 1 7 10 16 6 0 9 2 4 3
44 32 67 1 10 10 23 9 0 13 4 5 4
45 3 67 1 3 8 8 3 0 5 2 1 2
46 51 67 1 5 18 18 7 0 11 3 4 4
47 10 67 1 5 11 16 6 0 9 2 4 3
48 7 67 1 5 16 15 6 0 10 3 3 4
49 26 67 1 6 20 23 9 0 14 4 5 5
50 63 67 1 4 16 10 4 0 8 2 2 4
51 46 67 1 7 22 23 9 0 15 5 4 6
52 58 67 1 10 20 20 8 0 14 4 4 6
53 43 67 1 11 17 25 10 0 15 5 5 5
54 36 67 1 7 20 23 9 0 14 4 5 5
55 39 67 1 12 22 25 10 0 16 5 5 6
56 6 67 1 5 16 15 6 0 10 3 3 4
57 20 67 1 10 21 25 10 0 16 5 5 6
58 52 67 1 6 20 18 7 0 12 3 4 5
59 25 67 1 9 24 21 8 0 14 5 3 6
60 19 67 1 8 24 25 10 0 16 5 5 6
61 11 67 1 5 17 18 7 0 11 4 3 4
62 40 67 1 6 20 23 9 0 14 4 5 5
63 50 67 1 9 28 23 9 0 16 5 4 7
64 22 67 1 12 26 25 10 0 17 5 5 7
65 33 67 1 3 11 15 5 0 7 5 0 2
66 66 67 1 0 4 0 0 0 1 0 0 1
2 36 71 1 2 13 25 10 0 13 5 5 3
3 24 71 1 3 8 19 7 0 9 2 5 2
4 18 71 1 5 16 25 10 0 14 5 5 4
5 57 71 1 3 7 18 7 0 9 3 4 2
6 12 71 1 3 8 16 6 0 8 2 4 2
7 61 71 1 3 12 18 7 0 10 3 4 3
8 9 71 1 5 12 20 8 0 11 4 4 3
9 8 71 1 0 4 9 3 0 4 0 3 1
10 64 71 1 3 6 15 6 0 8 3 3 2
11 13 71 1 4 12 18 7 0 10 4 3 3
12 6 71 1 3 8 13 5 0 7 2 3 2
13 11 71 1 6 14 18 7 0 11 4 3 4
14 66 71 1 3 11 15 6 0 9 3 3 3
15 19 71 1 8 22 23 9 0 15 5 4 6
16 40 71 1 8 20 25 10 0 15 5 5 5
17 46 71 1 6 15 23 9 0 12 5 4 3
18 4 71 1 0 4 6 2 0 3 0 2 1
19 15 71 1 4 9 16 6 0 8 4 2 2
20 32 71 1 8 8 21 8 0 11 3 5 3
21 44 71 1 5 16 23 9 0 13 5 4 4
22 42 71 1 5 17 23 9 0 13 4 5 4
23 34 71 1 5 20 25 10 0 15 5 5 5
24 3 71 1 3 8 10 4 0 6 2 2 2
25 54 71 1 9 13 18 7 0 11 4 3 4
26 1319 71 1 8 25 25 10 0 16 5 5 6
27 50 71 1 11 22 23 9 0 16 5 4 7
28 33 71 1 12 18 25 10 0 16 5 5 6
29 49 71 1 5 17 21 8 0 12 3 5 4
30 45 71 1 7 28 25 10 0 17 5 5 7
31 55 71 1 8 23 20 8 0 14 4 4 6
32 20 71 1 11 23 25 10 0 16 5 5 6
33 28 71 1 8 22 25 10 0 15 5 5 5
34 23 71 1 9 17 25 10 0 14 5 5 4
35 69 71 1 0 5 3 1 0 2 0 1 1
36 2 71 1 0 4 3 1 0 2 0 1 1
37 48 71 1 6 11 21 8 0 11 5 3 3
38 43 71 1 7 12 23 9 0 12 4 5 3
39 51 71 1 9 19 23 9 0 14 4 5 5
40 16 71 1 8 8 18 7 0 10 3 4 3
41 26 71 1 6 12 21 8 0 11 3 5 3
42 22 71 1 8 18 25 10 0 15 5 5 5
43 38 71 1 12 19 23 9 0 15 5 4 6
44 21 71 1 11 18 25 10 0 15 5 5 5
45 30 71 1 11 26 25 10 0 17 5 5 7
46 17 71 1 11 13 20 8 0 12 4 4 4
47 68 71 1 3 6 8 3 0 5 2 1 2
48 37 71 1 7 17 21 8 0 12 3 5 4
49 29 71 1 7 20 23 9 0 14 5 4 5
50 27 71 1 8 23 23 9 0 15 4 5 6
51 39 71 1 10 23 25 10 0 16 5 5 6
52 56 71 1 10 26 20 8 0 15 4 4 7
53 67 71 1 4 16 10 4 0 8 2 2 4
54 25 71 1 13 24 25 10 0 17 5 5 7
55 31 71 1 9 29 23 9 0 16 5 4 7
56 52 71 1 12 22 25 10 0 17 5 5 7
57 5 71 1 3 12 11 4 0 7 3 1 3
58 60 71 1 5 16 18 7 0 11 3 4 4
59 65 71 1 5 16 15 6 0 10 3 3 4
60 58 71 1 7 18 18 7 0 12 3 4 5
61 7 71 1 5 16 13 5 0 9 3 2 4
62 63 71 1 5 22 15 6 0 11 3 3 5
63 62 71 1 8 24 18 7 0 13 4 3 6
64 10 71 1 9 19 20 8 0 13 4 4 5
65 59 71 1 9 15 20 8 0 12 4 4 4
66 14 71 1 9 16 20 8 0 12 4 4 4
67 53 71 1 9 18 25 10 0 14 5 5 4
68 47 71 1 10 20 25 10 0 15 5 5 5
69 35 71 1 5 16 23 9 0 12 5 4 3
70 70 71 1 0 4 0 0 0 1 0 0 1
2 37 73 1 3 10 21 8 0 10 3 5 2
3 49 73 1 4 10 19 7 0 9 2 5 2
4 55 73 1 3 9 18 7 0 9 3 4 2
5 44 73 1 7 10 23 9 0 12 5 4 3
6 61 73 1 4 9 16 6 0 8 2 4 2
7 21 73 1 7 19 23 9 0 14 5 4 5
8 64 73 1 3 8 15 6 0 8 3 3 2
9 65 73 1 0 7 9 3 0 4 0 3 1
10 22 73 1 10 20 25 10 0 15 5 5 5
11 20 73 1 10 17 25 10 0 15 5 5 5
12 67 73 1 4 8 13 5 0 7 2 3 2
13 45 73 1 10 15 23 9 0 13 4 5 4
14 47 73 1 9 23 25 10 0 16 5 5 6
15 39 73 1 11 18 25 10 0 16 5 5 6
16 32 73 1 6 11 21 8 0 11 3 5 3
17 43 73 1 6 13 23 9 0 12 4 5 3
18 69 73 1 0 6 6 2 0 3 0 2 1
19 50 73 1 6 14 23 9 0 12 5 4 3
20 11 73 1 8 15 20 8 0 12 4 4 4
21 7 73 1 5 7 13 5 0 7 3 2 2
22 10 73 1 10 19 20 8 0 13 4 4 5
23 54 73 1 8 19 23 9 0 14 5 4 5
24 70 73 1 4 7 10 4 0 6 2 2 2
25 38 73 1 9 13 21 8 0 12 5 3 4
26 59 73 1 10 14 20 8 0 12 4 4 4
27 46 73 1 12 19 21 8 0 14 5 3 6
28 60 73 1 11 16 18 7 0 12 3 4 5
29 68 73 1 5 11 13 5 0 8 3 2 3
30 56 73 1 5 19 20 8 0 13 4 4 5
31 33 73 1 5 21 21 8 0 13 5 3 5
32 16 73 1 6 11 18 7 0 10 3 4 3
33 31 73 1 7 22 23 9 0 14 5 4 5
34 58 73 1 6 12 20 8 0 11 4 4 3
35 48 73 1 6 11 21 8 0 11 5 3 3
36 71 73 1 0 5 3 1 0 2 0 1 1
37 2 73 1 0 4 3 1 0 2 0 1 1
38 25 73 1 9 16 25 10 0 14 5 5 4
39 15 73 1 5 8 14 5 0 7 4 1 2
40 42 73 1 10 22 25 10 0 16 5 5 6
41 57 73 1 8 12 18 7 0 10 3 4 3
42 40 73 1 8 16 25 10 0 14 5 5 4
43 17 73 1 7 18 18 7 0 11 4 3 4
44 5 73 1 8 14 15 6 0 10 3 3 4
45 13 73 1 8 15 18 7 0 11 4 3 4
46 27 73 1 12 21 25 10 0 16 5 5 6
47 14 73 1 7 9 16 6 0 9 2 4 3
48 35 73 1 13 17 25 10 0 15 5 5 5
49 3 73 1 4 7 8 3 0 5 2 1 2
50 19 73 1 8 23 25 10 0 16 5 5 6
51 63 73 1 5 12 16 6 0 9 2 4 3
52 66 73 1 5 16 15 6 0 10 3 3 4
53 62 73 1 7 17 18 7 0 12 4 3 5
54 23 73 1 11 28 25 10 0 18 5 5 8
55 4 73 1 4 14 10 4 0 8 2 2 4
56 30 73 1 10 20 23 9 0 15 4 5 6
57 41 73 1 16 31 25 10 0 19 5 5 9
58 34 73 1 13 20 25 10 0 16 5 5 6
59 26 73 1 7 21 25 10 0 15 5 5 5
60 28 73 1 9 22 23 9 0 15 4 5 6
61 6 73 1 5 15 15 6 0 10 3 3 4
62 53 73 1 12 26 25 10 0 17 5 5 7
63 51 73 1 10 23 25 10 0 16 5 5 6
64 8 73 1 6 11 15 6 0 9 3 3 3
65 9 73 1 3 11 9 3 0 5 3 0 2
66 52 73 1 11 25 25 10 0 17 5 5 7
67 12 73 1 9 14 20 8 0 12 4 4 4
68 29 73 1 10 16 23 9 0 13 4 5 4
69 18 73 1 5 15 20 8 0 11 4 4 3
70 24 73 1 10 14 25 10 0 14 5 5 4
71 36 73 1 6 20 25 10 0 14 5 5 4
72 72 73 1 0 4 0 0 0 1 0 0 1
2 40 79 1 2 17 25 10 0 14 5 5 4
3 53 79 1 3 12 23 9 0 12 4 5 3
4 20 79 1 4 20 25 10 0 15 5 5 5
5 16 79 1 0 4 12 4 0 5 0 4 1
6 66 79 1 3 11 20 8 0 11 4 4 3
7 34 79 1 6 21 25 10 0 16 5 5 6
8 10 79 1 4 16 20 8 0 12 4 4 4
9 44 79 1 6 14 23 9 0 13 5 4 4
10 8 79 1 0 4 9 3 0 4 0 3 1
11 36 79 1 5 15 25 10 0 14 5 5 4
12 33 79 1 9 16 25 10 0 15 5 5 5
13 73 79 1 3 7 13 5 0 7 2 3 2
14 17 79 1 8 15 20 8 0 13 4 4 5
15 58 79 1 8 25 23 9 0 16 5 4 7
16 5 79 1 4 12 15 6 0 9 3 3 3
17 14 79 1 5 13 18 7 0 10 3 4 3
18 22 79 1 8 23 25 10 0 16 5 5 6
19 25 79 1 6 13 23 9 0 12 5 4 3
20 4 79 1 0 4 6 2 0 3 0 2 1
21 64 79 1 3 6 16 6 0 8 4 2 2
22 18 79 1 7 9 18 7 0 10 3 4 3
23 55 79 1 6 13 21 8 0 11 3 5 3
24 56 79 1 9 20 25 10 0 16 5 5 6
25 19 79 1 4 16 18 7 0 11 4 3 4
26 76 79 1 3 6 10 4 0 6 2 2 2
27 41 79 1 12 16 25 10 0 15 5 5 5
28 48 79 1 9 19 23 9 0 15 4 5 6
29 30 79 1 10 27 23 9 0 16 4 5 7
30 29 79 1 14 26 25 10 0 18 5 5 8
31 51 79 1 12 19 25 10 0 16 5 5 6
32 42 79 1 8 24 25 10 0 16 5 5 6
33 12 79 1 6 16 18 7 0 11 3 4 4
34 7 79 1 5 13 15 6 0 9 3 3 3
35 70 79 1 1 10 11 4 0 6 3 1 2
36 11 79 1 8 19 20 8 0 13 4 4 5
37 47 79 1 7 16 23 9 0 12 4 5 3
38 52 79 1 8 17 25 10 0 14 5 5 4
39 77 79 1 0 5 3 1 0 2 0 1 1
40 2 79 1 0 4 3 1 0 2 0 1 1
41 27 79 1 7 13 23 9 0 12 5 4 3
42 32 79 1 9 8 23 9 0 12 4 5 3
43 68 79 1 5 11 18 7 0 10 4 3 3
44 9 79 1 7 9 15 6 0 9 3 3 3
45 72 79 1 3 6 11 4 0 6 3 1 2
46 67 79 1 6 12 18 7 0 10 3 4 3
47 37 79 1 6 21 23 9 0 14 5 4 5
48 28 79 1 14 20 25 10 0 16 5 5 6
49 50 79 1 9 14 21 8 0 12 5 3 4
50 49 79 1 12 16 23 9 0 14 4 5 5
51 31 79 1 12 15 23 9 0 13 5 4 4
52 38 79 1 12 13 21 8 0 12 3 5 4
53 3 79 1 3 8 8 3 0 5 2 1 2
54 60 79 1 8 20 20 8 0 13 4 4 5
55 23 79 1 8 17 23 9 0 13 5 4 4
56 24 79 1 10 23 25 10 0 16 5 5 6
57 61 79 1 11 22 20 8 0 14 4 4 6
58 15 79 1 8 24 20 8 0 14 4 4 6
59 75 79 1 4 16 10 4 0 8 2 2 4
60 54 79 1 10 24 25 10 0 16 5 5 6
61 57 79 1 9 23 23 9 0 15 4 5 6
62 65 79 1 10 21 18 7 0 13 3 4 6
63 74 79 1 7 18 13 5 0 10 3 2 5
64 21 79 1 11 27 25 10 0 17 5 5 7
65 62 79 1 6 21 18 7 0 12 4 3 5
66 6 79 1 6 16 15 6 0 10 3 3 4
67 46 79 1 12 19 23 9 0 14 5 4 5
68 43 79 1 9 21 25 10 0 15 5 5 5
69 71 79 1 6 14 15 6 0 9 3 3 3
70 35 79 1 7 13 21 8 0 11 3 5 3
71 69 79 1 8 17 20 8 0 12 4 4 4
72 45 79 1 11 27 25 10 0 17 5 5 7
73 13 79 1 5 13 16 6 0 9 4 2 3
74 63 79 1 7 15 20 8 0 11 4 4 3
75 59 79 1 8 22 25 10 0 15 5 5 5
76 26 79 1 10 20 25 10 0 15 5 5 5
77 39 79 1 7 19 23 9 0 13 5 4 4
78 78 79 1 0 4 0 0 0 1 0 0 1
2 42 83 1 2 14 25 10 0 13 5 5 3
3 28 83 1 4 8 21 8 0 10 3 5 2
4 21 83 1 4 16 25 10 0 14 5 5 4
5 50 83 1 2 11 23 9 0 11 5 4 2
6 14 83 1 4 8 18 7 0 9 3 4 2
7 12 83 1 3 8 16 6 0 8 2 4 2
8 52 83 1 5 19 25 10 0 15 5 5 5
9 37 83 1 2 15 21 8 0 11 5 3 3
10 25 83 1 6 14 25 10 0 13 5 5 3
11 68 83 1 4 7 18 7 0 9 4 3 2
12 7 83 1 4 8 15 6 0 8 3 3 2
13 32 83 1 4 14 23 9 0 13 4 5 4
14 6 83 1 3 8 13 5 0 7 2 3 2
15 72 83 1 6 13 18 7 0 11 4 3 4
16 26 83 1 7 21 25 10 0 16 5 5 6
17 44 83 1 11 19 23 9 0 14 5 4 5
18 60 83 1 9 19 25 10 0 15 5 5 5
19 35 83 1 6 22 23 9 0 14 5 4 5
20 54 83 1 6 17 25 10 0 14 5 5 4
21 4 83 1 0 4 6 2 0 3 0 2 1
22 34 83 1 8 10 23 9 0 12 4 5 3
23 65 83 1 8 11 18 7 0 10 3 4 3
24 211 83 1 7 19 23 9 0 13 4 5 4
25 10 83 1 4 15 15 6 0 10 3 3 4
26 16 83 1 4 14 20 8 0 12 4 4 4
27 40 83 1 5 19 25 10 0 15 5 5 5
28 3 83 1 3 8 10 4 0 6 2 2 2
29 63 83 1 10 19 20 8 0 14 4 4 6
30 36 83 1 11 19 25 10 0 16 5 5 6
31 75 83 1 8 17 15 6 0 11 3 3 5
32 13 83 1 6 15 20 8 0 12 4 4 4
33 78 83 1 1 9 8 3 0 5 2 1 2
34 22 83 1 11 29 25 10 0 17 5 5 7
35 19 83 1 7 23 18 7 0 12 4 3 5
36 30 83 1 11 22 25 10 0 16 5 5 6
37 9 83 1 2 10 11 4 0 6 3 1 2
38 59 83 1 11 25 25 10 0 17 5 5 7
39 66 83 1 2 10 14 5 0 7 4 1 2
40 27 83 1 9 20 25 10 0 15 5 5 5
41 81 83 1 0 5 3 1 0 2 0 1 1
42 2 83 1 0 4 3 1 0 2 0 1 1
43 56 83 1 6 12 23 9 0 12 5 4 3
44 17 83 1 8 10 20 8 0 11 4 4 3
45 24 83 1 9 14 23 9 0 13 4 5 4
46 74 83 1 8 10 15 6 0 9 3 3 3
47 53 83 1 9 11 21 8 0 11 3 5 3
48 147 83 1 7 18 20 8 0 12 4 4 4
49 61 83 1 11 22 25 10 0 16 5 5 6
50 5 83 1 6 9 10 4 0 7 2 2 3
51 70 83 1 7 15 18 7 0 11 4 3 4
52 8 83 1 7 8 13 5 0 8 2 3 3
53 47 83 1 12 20 25 10 0 16 5 5 6
54 20 83 1 9 11 18 7 0 11 3 4 4
55 80 83 1 3 6 8 3 0 5 2 1 2
56 43 83 1 6 22 23 9 0 14 4 5 5
57 67 83 1 5 18 18 7 0 11 3 4 4
58 73 83 1 4 20 15 6 0 11 3 3 5
59 38 83 1 7 27 25 10 0 16 5 5 6
60 18 83 1 9 21 20 8 0 14 4 4 6
61 49 83 1 7 23 23 9 0 15 4 5 6
62 79 83 1 4 16 10 4 0 8 2 2 4
63 29 83 1 7 19 19 7 0 12 5 2 5
64 48 83 1 7 19 23 9 0 14 4 5 5
65 23 83 1 10 24 23 9 0 15 5 4 6
66 39 83 1 7 13 19 7 0 10 2 5 3
67 57 83 1 11 24 25 10 0 16 5 5 6
68 11 83 1 9 24 20 8 0 14 4 4 6
69 77 83 1 6 16 15 6 0 10 3 3 4
70 51 83 1 11 28 23 9 0 16 4 5 7
71 76 83 1 6 12 13 5 0 8 3 2 3
72 15 83 1 7 18 18 7 0 11 3 4 4
73 58 83 1 10 18 23 9 0 14 5 4 5
74 46 83 1 6 14 21 8 0 11 3 5 3
75 31 83 1 7 18 21 8 0 12 5 3 4
76 71 83 1 9 22 20 8 0 14 4 4 6
77 69 83 1 7 17 20 8 0 12 4 4 4
78 33 83 1 8 13 23 9 0 12 4 5 3
79 62 83 1 7 21 23 9 0 14 5 4 5
80 55 83 1 10 24 25 10 0 16 5 5 6
81 41 83 1 4 15 19 7 0 10 5 2 3
82 82 83 1 0 4 0 0 0 1 0 0 1
2 45 89 1 5 14 21 8 0 11 3 5 3
3 30 89 1 5 8 23 9 0 11 4 5 2
4 67 89 1 5 13 18 7 0 10 3 4 3
5 18 89 1 3 11 18 7 0 9 3 4 2
6 15 89 1 5 8 20 8 0 10 4 4 2
7 51 89 1 11 18 25 10 0 15 5 5 5
8 78 89 1 5 12 15 6 0 9 3 3 3
9 10 89 1 2 10 13 5 0 7 2 3 2
10 9 89 1 3 11 15 6 0 8 3 3 2
11 81 89 1 0 7 9 3 0 4 0 3 1
12 52 89 1 6 16 25 10 0 14 5 5 4
13 48 89 1 11 13 23 9 0 13 5 4 4
14 70 89 1 5 16 20 8 0 12 4 4 4
15 6 89 1 4 7 13 5 0 7 2 3 2
16 39 89 1 6 17 21 8 0 12 3 5 4
17 21 89 1 3 15 16 6 0 9 4 2 3
18 5 89 1 2 10 10 4 0 6 2 2 2
19 75 89 1 6 14 18 7 0 10 3 4 3
20 49 89 1 4 15 21 8 0 11 3 5 3
21 17 89 1 3 11 16 6 0 8 4 2 2
22 85 89 1 0 6 6 2 0 3 0 2 1
23 31 89 1 6 8 19 7 0 9 5 2 2
24 26 89 1 8 19 25 10 0 15 5 5 5
25 57 89 1 8 13 21 8 0 11 3 5 3
26 24 89 1 10 22 25 10 0 16 5 5 6
27 33 89 1 7 20 21 8 0 13 5 3 5
28 35 89 1 9 18 23 9 0 14 4 5 5
29 43 89 1 8 21 23 9 0 14 5 4 5
30 3 89 1 4 7 10 4 0 6 2 2 2
31 23 89 1 14 23 23 9 0 16 5 4 7
32 64 89 1 12 25 25 10 0 18 5 5 8
33 27 89 1 6 18 21 8 0 12 5 3 4
34 55 89 1 9 19 23 9 0 14 4 5 5
35 28 89 1 6 16 23 9 0 13 4 5 4
36 47 89 1 4 15 19 7 0 10 2 5 3
37 77 89 1 6 18 18 7 0 11 3 4 4
38 82 89 1 6 13 15 6 0 9 3 3 3
39 16 89 1 6 11 18 7 0 10 3 4 3
40 69 89 1 4 14 18 7 0 10 3 4 3
41 76 89 1 6 11 18 7 0 10 4 3 3
42 53 89 1 5 14 23 9 0 12 4 5 3
43 29 89 1 7 14 23 9 0 12 5 4 3
44 87 89 1 0 5 3 1 0 2 0 1 1
45 2 89 1 0 4 3 1 0 2 0 1 1
46 60 89 1 8 11 25 10 0 13 5 5 3
47 36 89 1 9 20 25 10 0 15 5 5 5
48 13 89 1 8 15 20 8 0 12 4 4 4
49 20 89 1 9 19 20 8 0 13 4 4 5
50 73 89 1 8 12 18 7 0 10 3 4 3
51 7 89 1 5 7 11 4 0 6 3 1 2
52 12 89 1 10 18 20 8 0 13 4 4 5
53 42 89 1 11 19 25 10 0 15 5 5 5
54 61 89 1 15 26 25 10 0 17 5 5 7
55 34 89 1 8 19 23 9 0 14 4 5 5
56 62 89 1 11 17 25 10 0 15 5 5 5
57 25 89 1 9 17 23 9 0 13 5 4 4
58 66 89 1 14 21 25 10 0 16 5 5 6
59 86 89 1 4 7 8 3 0 5 2 1 2
60 3161 89 1 8 27 25 10 0 16 5 5 6
61 54 89 1 8 23 23 9 0 15 5 4 6
62 56 89 1 7 29 25 10 0 18 5 5 8
63 65 89 1 7 28 25 10 0 17 5 5 7
64 32 89 1 10 19 25 10 0 16 5 5 6
65 63 89 1 8 21 23 9 0 14 4 5 5
66 58 89 1 9 22 25 10 0 15 5 5 5
67 4 89 1 5 11 10 4 0 7 2 2 3
68 72 89 1 9 18 20 8 0 13 4 4 5
69 40 89 1 7 20 25 10 0 15 5 5 5
70 14 89 1 6 16 20 8 0 12 4 4 4
71 84 89 1 2 8 6 2 0 4 2 0 2
72 68 89 1 4 14 16 6 0 9 2 4 3
73 50 89 1 6 18 21 8 0 12 5 3 4
74 83 89 1 6 17 15 6 0 10 3 3 4
75 19 89 1 10 21 18 7 0 13 4 3 6
76 41 89 1 11 19 23 9 0 14 4 5 5
77 37 89 1 7 22 23 9 0 14 5 4 5
78 8 89 1 6 11 15 6 0 9 3 3 3
79 80 89 1 3 8 9 3 0 5 3 0 2
80 79 89 1 4 13 15 6 0 9 3 3 3
81 11 89 1 4 14 13 5 0 8 3 2 3
82 38 89 1 11 17 25 10 0 15 5 5 5
83 74 89 1 6 12 18 7 0 10 4 3 3
84 71 89 1 5 13 20 8 0 11 4 4 3
85 22 89 1 5 18 20 8 0 12 4 4 4
86 59 89 1 8 17 25 10 0 14 5 5 4
87 44 89 1 6 22 25 10 0 15 5 5 5
88 88 89 1 0 4 0 0 0 1 0 0 1
2 49 97 1 1 12 17 6 0 8 1 5 2
3 65 97 1 0 9 15 5 0 6 0 5 1
4 73 97 1 1 11 14 5 0 7 1 4 2
5 39 97 1 7 13 23 9 0 12 5 4 3
6 81 97 1 0 8 12 4 0 5 0 4 1
7 14 97 1 5 7 18 7 0 9 3 4 2
8 85 97 1 1 10 11 4 0 6 1 3 2
9 54 97 1 8 19 23 9 0 14 5 4 5
10 68 97 1 8 17 25 10 0 14 5 5 4
11 53 97 1 10 15 25 10 0 14 5 5 4
12 89 97 1 0 7 9 3 0 4 0 3 1
13 15 97 1 6 7 18 7 0 9 4 3 2
14 7 97 1 5 7 15 6 0 8 3 3 2
15 13 97 1 6 12 18 7 0 10 4 3 3
16 91 97 1 1 9 8 3 0 5 1 2 2
17 40 97 1 7 25 25 10 0 16 5 5 6
18 27 97 1 11 28 25 10 0 17 5 5 7
19 46 97 1 6 19 25 10 0 14 5 5 4
20 34 97 1 10 20 25 10 0 15 5 5 5
21 37 97 1 9 17 23 9 0 13 5 4 4
22 75 97 1 4 14 18 7 0 10 3 4 3
23 38 97 1 5 15 23 9 0 12 4 5 3
24 93 97 1 0 6 6 2 0 3 0 2 1
25 66 97 1 7 10 19 7 0 9 5 2 2
26 929 97 1 7 19 25 10 0 14 5 5 4
27 18 97 1 8 12 18 7 0 10 3 4 3
28 1313 97 1 6 23 25 10 0 15 5 5 5
29 87 97 1 5 15 15 6 0 10 3 3 4
30 55 97 1 7 20 25 10 0 15 5 5 5
31 72 97 1 9 22 23 9 0 15 5 4 6
32 94 97 1 1 8 5 2 0 4 1 1 2
33 50 97 1 15 22 23 9 0 15 5 4 6
34 20 97 1 12 18 20 8 0 13 4 4 5
35 61 97 1 15 24 25 10 0 17 5 5 7
36 62 97 1 9 20 25 10 0 15 5 5 5
37 21 97 1 8 16 18 7 0 11 4 3 4
38 23 97 1 8 15 20 8 0 12 4 4 4
39 5 97 1 2 10 8 3 0 5 2 1 2
40 17 97 1 6 18 20 8 0 12 4 4 4
41 71 97 1 10 28 25 10 0 17 5 5 7
42 67 97 1 11 21 25 10 0 15 5 5 5
43 88 97 1 3 8 11 4 0 6 3 1 2
44 86 97 1 4 13 15 6 0 9 3 3 3
45 69 97 1 7 19 23 9 0 13 4 5 4
46 19 97 1 5 15 20 8 0 11 4 4 3
47 64 97 1 5 8 17 6 0 8 5 1 2
48 95 97 1 0 5 3 1 0 2 0 1 1
49 2 97 1 0 4 3 1 0 2 0 1 1
50 33 97 1 10 14 25 10 0 13 5 5 3
51 78 97 1 9 10 18 7 0 10 4 3 3
52 28 97 1 9 18 25 10 0 15 5 5 5
53 11 97 1 8 11 13 5 0 8 3 2 3
54 9 97 1 8 12 15 6 0 9 3 3 3
55 30 97 1 8 9 21 8 0 11 3 5 3
56 26 97 1 8 23 25 10 0 16 5 5 6
57 80 97 1 7 13 16 6 0 10 4 2 4
58 92 97 1 7 9 10 4 0 7 2 2 3
59 74 97 1 9 13 16 6 0 10 4 2 4
60 76 97 1 7 18 20 8 0 13 4 4 5
61 35 97 1 9 15 21 8 0 12 5 3 4
62 36 97 1 14 22 25 10 0 17 5 5 7
63 77 97 1 9 13 18 7 0 11 3 4 4
64 47 97 1 4 12 17 6 0 9 1 5 3
65 3 97 1 1 9 3 1 0 3 1 0 2
66 25 97 1 11 34 25 10 0 18 5 5 8
67 42 97 1 9 27 25 10 0 16 5 5 6
68 10 97 1 6 21 15 6 0 11 3 3 5
69 45 97 1 9 27 23 9 0 15 5 4 6
70 79 97 1 9 22 18 7 0 13 3 4 6
71 41 97 1 11 34 23 9 0 17 5 4 8
72 31 97 1 12 22 25 10 0 16 5 5 6
73 4 97 1 5 11 10 4 0 7 2 2 3
74 59 97 1 11 19 23 9 0 14 4 5 5
75 22 97 1 6 20 20 8 0 13 4 4 5
76 60 97 1 9 18 23 9 0 14 4 5 5
77 63 97 1 9 17 25 10 0 15 5 5 5
78 51 97 1 7 18 25 10 0 14 5 5 4
79 70 97 1 9 23 23 9 0 15 5 4 6
80 57 97 1 8 25 25 10 0 16 5 5 6
81 6 97 1 3 13 10 4 0 7 2 2 3
82 84 97 1 12 25 20 8 0 15 4 4 7
83 90 97 1 6 13 13 5 0 8 3 2 3
84 82 97 1 6 18 18 7 0 11 3 4 4
85 8 97 1 6 11 15 6 0 9 3 3 3
86 44 97 1 9 15 25 10 0 14 5 5 4
87 29 97 1 7 21 23 9 0 14 5 4 5
88 43 97 1 6 17 21 8 0 12 3 5 4
89 12 97 1 4 17 15 6 0 10 3 3 4
90 83 97 1 7 18 20 8 0 12 4 4 4
91 16 97 1 7 11 20 8 0 11 4 4 3
92 58 97 1 5 18 23 9 0 13 4 5 4
93 24 97 1 5 21 20 8 0 13 4 4 5
94 32 97 1 8 11 25 10 0 13 5 5 3
95 48 97 1 6 25 25 10 0 16 5 5 6
96 96 97 1 0 4 0 0 0 1 0 0 1
2 51 101 1 2 14 23 9 0 12 4 5 3
3 34 101 1 2 10 23 9 0 11 4 5 2
4 76 101 1 2 13 20 8 0 11 4 4 3
5 81 101 1 2 10 16 6 0 8 2 4 2
6 17 101 1 2 10 20 8 0 10 4 4 2
7 29 101 1 5 13 23 9 0 12 5 4 3
8 38 101 1 4 16 23 9 0 13 4 5 4
9 45 101 1 3 21 21 8 0 12 5 3 4
10 91 101 1 2 9 13 5 0 7 2 3 2
11 46 101 1 5 18 25 10 0 14 5 5 4
12 59 101 1 3 13 23 9 0 12 4 5 3
13 70 101 1 5 8 21 8 0 10 5 3 2
14 65 101 1 7 17 25 10 0 14 5 5 4
15 27 101 1 9 20 23 9 0 15 5 4 6
16 19 101 1 4 16 20 8 0 12 4 4 4
17 6 101 1 1 9 8 3 0 5 1 2 2
18 73 101 1 8 24 25 10 0 16 5 5 6
19 16 101 1 5 15 20 8 0 12 4 4 4
20 96 101 1 2 8 10 4 0 6 2 2 2
21 77 101 1 7 15 20 8 0 12 4 4 4
22 23 101 1 8 15 20 8 0 12 4 4 4
23 22 101 1 3 13 18 7 0 10 3 4 3
24 80 101 1 3 12 20 8 0 11 4 4 3
25 97 101 1 0 6 6 2 0 3 0 2 1
26 35 101 1 9 12 25 10 0 13 5 5 3
27 15 101 1 4 9 16 6 0 8 4 2 2
28 83 101 1 7 10 18 7 0 10 3 4 3
29 7 101 1 4 8 13 5 0 7 3 2 2
30 64 101 1 8 25 25 10 0 17 5 5 7
31 88 101 1 8 18 18 7 0 12 4 3 5
32 60 101 1 5 20 23 9 0 14 4 5 5
33 49 101 1 3 15 17 6 0 9 5 1 3
34 3 101 1 1 9 5 2 0 4 1 1 2
35 26 101 1 16 26 25 10 0 17 5 5 7
36 87 101 1 10 20 20 8 0 13 4 4 5
37 71 101 1 13 23 25 10 0 16 5 5 6
38 8 101 1 5 11 13 5 0 8 2 3 3
39 57 101 1 13 23 25 10 0 16 5 5 6
40 48 101 1 11 15 23 9 0 13 4 5 4
41 69 101 1 9 19 23 9 0 13 4 5 4
42 89 101 1 3 14 13 5 0 8 2 3 3
43 47 101 1 7 27 23 9 0 15 5 4 6
44 62 101 1 8 20 23 9 0 14 4 5 5
45 9 101 1 2 10 11 4 0 6 3 1 2
46 11 101 1 3 13 15 6 0 9 3 3 3
47 43 101 1 7 20 23 9 0 14 5 4 5
48 40 101 1 7 16 23 9 0 13 4 5 4
49 33 101 1 3 11 17 6 0 8 5 1 2
50 99 101 1 0 5 3 1 0 2 0 1 1
51 2 101 1 0 4 3 1 0 2 0 1 1
52 68 101 1 10 15 25 10 0 14 5 5 4
53 61 101 1 11 14 23 9 0 13 4 5 4
54 58 101 1 7 17 25 10 0 14 5 5 4
55 90 101 1 7 10 13 5 0 8 3 2 3
56 92 101 1 7 9 15 6 0 9 3 3 3
57 39 101 1 12 13 23 9 0 13 5 4 4
58 357 101 1 9 23 25 10 0 15 5 5 5
59 12 101 1 8 18 15 6 0 11 3 3 5
60 32 101 1 10 15 25 10 0 15 5 5 5
61 53 101 1 12 17 25 10 0 15 5 5 5
62 44 101 1 14 20 25 10 0 17 5 5 7
63 93 101 1 7 11 13 5 0 8 2 3 3
64 30 101 1 10 21 25 10 0 15 5 5 5
65 14 101 1 9 23 20 8 0 14 4 4 6
66 75 101 1 11 20 25 10 0 15 5 5 5
67 98 101 1 1 8 3 1 0 3 1 0 2
68 52 101 1 4 15 17 6 0 9 1 5 3
69 41 101 1 8 21 23 9 0 14 5 4 5
70 13 101 1 9 28 20 8 0 15 4 4 7
71 37 101 1 10 27 21 8 0 14 5 3 6
72 94 101 1 6 16 13 5 0 9 2 3 4
73 18 101 1 8 23 18 7 0 13 3 4 6
74 86 101 1 9 27 20 8 0 15 4 4 7
75 66 101 1 10 21 23 9 0 14 5 4 5
76 4 101 1 5 11 10 4 0 7 2 2 3
77 21 101 1 9 17 16 6 0 10 4 2 4
78 79 101 1 9 22 20 8 0 13 4 4 5
79 78 101 1 10 16 18 7 0 11 4 3 4
80 24 101 1 11 15 20 8 0 12 4 4 4
81 5 101 1 2 10 6 2 0 4 2 0 2
82 85 101 1 9 18 20 8 0 12 4 4 4
83 28 101 1 12 23 25 10 0 16 5 5 6
84 95 101 1 3 13 10 4 0 7 2 2 3
85 82 101 1 7 16 16 6 0 10 4 2 4
86 74 101 1 14 29 25 10 0 18 5 5 8
87 36 101 1 7 20 25 10 0 15 5 5 5
88 31 101 1 9 23 25 10 0 16 5 5 6
89 42 101 1 8 23 25 10 0 15 5 5 5
90 55 101 1 6 19 25 10 0 14 5 5 4
91 10 101 1 4 14 15 6 0 9 3 3 3
92 56 101 1 5 17 21 8 0 12 3 5 4
93 63 101 1 10 24 23 9 0 15 4 5 6
94 72 101 1 11 24 25 10 0 17 5 5 7
95 84 101 1 2 10 12 4 0 6 4 0 2
96 20 101 1 7 16 20 8 0 12 4 4 4
97 25 101 1 3 15 14 5 0 8 4 1 3
98 67 101 1 6 15 25 10 0 13 5 5 3
99 50 101 1 6 19 25 10 0 14 5 5 4
100 100 101 1 0 4 0 0 0 1 0 0 1
2 52 103 1 3 17 25 10 0 14 5 5 4
3 69 103 1 2 11 23 9 0 11 4 5 2
4 26 103 1 5 21 25 10 0 15 5 5 5
5 62 103 1 2 15 23 9 0 12 5 4 3
6 86 103 1 2 10 20 8 0 10 4 4 2
7 59 103 1 8 17 25 10 0 15 5 5 5
8 13 103 1 5 17 20 8 0 12 4 4 4
9 23 103 1 2 20 18 7 0 11 4 3 4
10 31 103 1 5 18 25 10 0 14 5 5 4
11 75 103 1 5 20 25 10 0 15 5 5 5
12 43 103 1 9 16 25 10 0 14 5 5 4
13 8 103 1 0 4 9 3 0 4 0 3 1
14 81 103 1 4 16 20 8 0 12 4 4 4
15 55 103 1 10 20 25 10 0 16 5 5 6
16 58 103 1 7 25 25 10 0 16 5 5 6
17 97 103 1 1 9 8 3 0 5 1 2 2
18 63 103 1 7 24 23 9 0 15 4 5 6
19 38 103 1 5 25 25 10 0 16 5 5 6
20 67 103 1 6 22 25 10 0 15 5 5 5
21 54 103 1 7 14 23 9 0 13 5 4 4
22 89 103 1 7 17 20 8 0 13 4 4 5
23 9 103 1 1 9 13 5 0 7 3 2 2
24 73 103 1 10 20 25 10 0 15 5 5 5
25 33 103 1 2 10 19 7 0 9 5 2 2
26 4 103 1 0 4 6 2 0 3 0 2 1
27 42 103 1 10 20 25 10 0 15 5 5 5
28 92 103 1 6 9 15 6 0 9 3 3 3
29 32 103 1 8 8 21 8 0 11 3 5 3
30 79 103 1 4 21 20 8 0 13 4 4 5
31 10 103 1 4 15 15 6 0 10 3 3 4
32 29 103 1 10 28 25 10 0 17 5 5 7
33 25 103 1 2 14 14 5 0 8 4 1 3
34 100 103 1 1 8 5 2 0 4 1 1 2
35 53 103 1 8 16 25 10 0 14 5 5 4
36 83 103 1 11 19 20 8 0 13 4 4 5
37 39 103 1 10 25 23 9 0 15 5 4 6
38 19 103 1 8 20 18 7 0 12 3 4 5
39 37 103 1 9 16 21 8 0 12 5 3 4
40 85 103 1 6 14 16 6 0 9 2 4 3
41 98 103 1 1 9 8 3 0 5 2 1 2
42 27 103 1 9 21 25 10 0 15 5 5 5
43 12 103 1 3 13 13 5 0 8 2 3 3
44 96 103 1 5 14 15 6 0 10 3 3 4
45 87 103 1 6 15 18 7 0 10 3 4 3
46 56 103 1 5 18 25 10 0 14 5 5 4
47 57 103 1 10 19 25 10 0 15 5 5 5
48 88 103 1 7 16 20 8 0 12 4 4 4
49 82 103 1 4 13 18 7 0 10 4 3 3
50 68 103 1 5 13 25 10 0 13 5 5 3
51 101 103 1 0 5 3 1 0 2 0 1 1
52 2 103 1 0 4 3 1 0 2 0 1 1
53 35 103 1 9 13 23 9 0 12 5 4 3
54 21 103 1 11 15 20 8 0 12 4 4 4
55 15 103 1 4 9 14 5 0 7 4 1 2
56 46 103 1 10 15 21 8 0 12 3 5 4
57 47 103 1 11 18 23 9 0 14 5 4 5
58 16 103 1 8 8 18 7 0 10 3 4 3
59 7 103 1 3 9 11 4 0 6 3 1 2
60 91 103 1 7 18 15 6 0 11 3 3 5
61 76 103 1 9 20 23 9 0 15 5 4 6
62 5 103 1 6 9 10 4 0 7 2 2 3
63 18 103 1 9 16 20 8 0 13 4 4 5
64 66 103 1 12 27 25 10 0 17 5 5 7
65 84 103 1 8 16 18 7 0 11 4 3 4
66 64 103 1 10 18 23 9 0 14 4 5 5
67 20 103 1 8 15 20 8 0 12 4 4 4
68 50 103 1 12 15 25 10 0 14 5 5 4
69 3 103 1 1 9 3 1 0 3 1 0 2
70 78 103 1 4 15 14 5 0 8 1 4 3
71 74 103 1 11 23 23 9 0 15 5 4 6
72 93 103 1 6 20 15 6 0 11 3 3 5
73 24 103 1 7 23 20 8 0 14 4 4 6
74 71 103 1 12 31 25 10 0 18 5 5 8
75 11 103 1 5 20 13 5 0 10 3 2 5
76 61 103 1 9 24 23 9 0 15 4 5 6
77 99 103 1 5 13 10 4 0 7 2 2 3
78 70 103 1 10 20 25 10 0 15 5 5 5
79 30 103 1 12 22 23 9 0 15 4 5 6
80 94 103 1 6 13 13 5 0 8 2 3 3
81 14 103 1 8 17 20 8 0 12 4 4 4
82 49 103 1 11 16 23 9 0 13 4 5 4
83 36 103 1 9 20 25 10 0 15 5 5 5
84 65 103 1 10 24 25 10 0 16 5 5 6
85 40 103 1 9 24 23 9 0 15 4 5 6
86 6 103 1 3 13 10 4 0 7 2 2 3
87 45 103 1 9 26 23 9 0 15 5 4 6
88 48 103 1 13 21 25 10 0 17 5 5 7
89 743 103 1 7 22 20 8 0 13 4 4 5
90 95 103 1 6 14 15 6 0 9 3 3 3
91 60 103 1 9 16 23 9 0 13 5 4 4
92 28 103 1 8 21 25 10 0 15 5 5 5
93 72 103 1 7 16 21 8 0 12 5 3 4
94 80 103 1 4 17 18 7 0 11 3 4 4
95 90 103 1 7 21 18 7 0 12 4 3 5
96 44 103 1 13 21 25 10 0 16 5 5 6
97 17 103 1 2 10 12 4 0 6 4 0 2
98 41 103 1 8 16 23 9 0 13 4 5 4
99 77 103 1 8 21 25 10 0 15 5 5 5
100 34 103 1 8 16 25 10 0 14 5 5 4
101 51 103 1 5 19 23 9 0 13 5 4 4
102 102 103 1 0 4 0 0 0 1 0 0 1
2 -267 107 -106 9 16 25 10 0 14 5 5 4
3 36 107 1 2 10 21 8 0 10 3 5 2
4 27 107 1 6 23 25 10 0 15 5 5 5
5 43 107 1 4 22 23 9 0 13 5 4 4
6 18 107 1 2 10 18 7 0 9 3 4 2
7 46 107 1 6 17 25 10 0 14 5 5 4
8 67 107 1 7 27 25 10 0 16 5 5 6
9 12 107 1 1 9 11 4 0 6 1 3 2
10 75 107 1 7 26 25 10 0 16 5 5 6
11 39 107 1 6 13 21 8 0 11 5 3 3
12 9 107 1 2 10 15 6 0 8 3 3 2
13 33 107 1 4 12 21 8 0 10 5 3 2
14 23 107 1 8 12 20 8 0 11 4 4 3
15 50 107 1 7 20 25 10 0 15 5 5 5
16 87 107 1 5 18 18 7 0 11 3 4 4
17 63 107 1 7 17 23 9 0 13 4 5 4
18 6 107 1 1 9 8 3 0 5 1 2 2
19 62 107 1 8 19 23 9 0 14 5 4 5
20 91 107 1 5 23 20 8 0 13 4 4 5
21 51 107 1 4 20 23 9 0 13 5 4 4
22 73 107 1 7 16 25 10 0 14 5 5 4
23 14 107 1 6 13 18 7 0 10 3 4 3
24 58 107 1 4 18 25 10 0 14 5 5 4
25 30 107 1 7 13 23 9 0 12 4 5 3
26 70 107 1 6 15 25 10 0 13 5 5 3
27 4 107 1 0 4 6 2 0 3 0 2 1
28 65 107 1 9 17 23 9 0 13 4 5 4
29 48 107 1 8 18 25 10 0 15 5 5 5
30 25 107 1 10 13 20 8 0 12 4 4 4
31 38 107 1 6 21 25 10 0 15 5 5 5
32 97 107 1 5 17 15 6 0 10 3 3 4
33 13 107 1 2 14 11 4 0 7 3 1 3
34 85 107 1 7 16 20 8 0 12 4 4 4
35 52 107 1 6 18 25 10 0 14 5 5 4
36 3 107 1 1 9 5 2 0 4 1 1 2
37 81 107 1 9 15 20 8 0 12 4 4 4
38 31 107 1 10 25 25 10 0 17 5 5 7
39 11 107 1 6 15 13 5 0 9 3 2 4
40 99 107 1 5 14 13 5 0 8 2 3 3
41 47 107 1 8 24 23 9 0 15 5 4 6
42 79 107 1 11 22 25 10 0 16 5 5 6
43 5 107 1 1 9 8 3 0 5 2 1 2
44 90 107 1 5 15 20 8 0 12 4 4 4
45 88 107 1 5 15 18 7 0 11 4 3 4
46 7 107 1 6 13 15 6 0 9 3 3 3
47 41 107 1 8 15 23 9 0 13 5 4 4
48 29 107 1 6 20 25 10 0 15 5 5 5
49 83 107 1 8 19 20 8 0 13 4 4 5
50 15 107 1 7 13 20 8 0 11 4 4 3
51 21 107 1 5 13 18 7 0 10 4 3 3
52 35 107 1 8 18 25 10 0 14 5 5 4
53 105 107 1 0 5 3 1 0 2 0 1 1
54 2 107 1 0 4 3 1 0 2 0 1 1
55 72 107 1 10 10 23 9 0 12 5 4 3
56 86 107 1 9 16 20 8 0 12 4 4 4
57 92 107 1 5 8 14 5 0 7 4 1 2
58 24 107 1 10 12 18 7 0 11 3 4 4
59 78 107 1 11 22 23 9 0 15 5 4 6
60 66 107 1 12 18 23 9 0 14 4 5 5
61 100 107 1 4 7 11 4 0 6 3 1 2
62 19 107 1 8 20 18 7 0 12 3 4 5
63 17 107 1 7 15 16 6 0 10 4 2 4
64 102 107 1 5 12 8 3 0 6 1 2 3
65 28 107 1 13 22 25 10 0 16 5 5 6
66 60 107 1 10 20 21 8 0 13 3 5 5
67 8 107 1 7 14 15 6 0 10 3 3 4
68 96 107 1 5 10 11 4 0 7 1 3 3
69 76 107 1 12 26 23 9 0 16 5 4 7
70 26 107 1 9 14 20 8 0 12 4 4 4
71 104 107 1 1 8 3 1 0 3 1 0 2
72 55 107 1 7 19 25 10 0 14 5 5 4
73 22 107 1 7 17 20 8 0 12 4 4 4
74 94 107 1 3 14 11 4 0 7 1 3 3
75 10 107 1 7 15 15 6 0 10 3 3 4
76 69 107 1 9 25 25 10 0 16 5 5 6
77 82 107 1 12 26 18 7 0 14 4 3 7
78 59 107 1 8 26 21 8 0 14 3 5 6
79 42 107 1 8 23 23 9 0 15 4 5 6
80 103 107 1 5 13 10 4 0 7 2 2 3
81 37 107 1 8 15 19 7 0 11 5 2 4
82 77 107 1 13 28 25 10 0 18 5 5 8
83 49 107 1 6 21 23 9 0 14 5 4 5
84 93 107 1 7 18 20 8 0 13 4 4 5
85 34 107 1 6 17 25 10 0 14 5 5 4
86 56 107 1 3 18 23 9 0 13 4 5 4
87 16 107 1 5 18 20 8 0 13 4 4 5
88 45 107 1 7 19 23 9 0 14 4 5 5
89 101 107 1 3 13 10 4 0 7 2 2 3
90 44 107 1 8 20 23 9 0 14 4 5 5
91 20 107 1 7 17 18 7 0 12 3 4 5
92 57 107 1 8 25 25 10 0 16 5 5 6
93 84 107 1 7 20 18 7 0 12 4 3 5
94 74 107 1 9 18 25 10 0 15 5 5 5
95 98 107 1 2 9 9 3 0 5 3 0 2
96 68 107 1 6 24 25 10 0 16 5 5 6
97 32 107 1 6 18 25 10 0 15 5 5 5
98 95 107 1 4 18 15 6 0 10 3 3 4
99 40 107 1 8 23 25 10 0 16 5 5 6
100 61 107 1 8 21 25 10 0 15 5 5 5
101 89 107 1 5 14 20 8 0 11 4 4 3
102 64 107 1 5 16 23 9 0 13 4 5 4
103 80 107 1 8 19 23 9 0 14 5 4 5
104 71 107 1 8 21 25 10 0 15 5 5 5
105 53 107 1 6 17 21 8 0 12 5 3 4
106 106 107 1 0 4 0 0 0 1 0 0 1
2 55 109 1 5 18 23 9 0 13 4 5 4
3 73 109 1 2 11 21 8 0 10 3 5 2
4 82 109 1 5 17 20 8 0 12 4 4 4
5 349 109 1 2 16 18 7 0 10 3 4 3
6 91 109 1 2 10 18 7 0 9 3 4 2
7 78 109 1 6 9 23 9 0 11 5 4 2
8 41 109 1 6 22 23 9 0 14 4 5 5
9 97 109 1 1 10 11 4 0 6 1 3 2
10 229 109 1 2 15 15 6 0 9 3 3 3
11 10 109 1 2 10 13 5 0 7 2 3 2
12 100 109 1 2 9 15 6 0 8 3 3 2
13 42 109 1 4 15 23 9 0 12 4 5 3
14 39 109 1 9 13 25 10 0 13 5 5 3
15 80 109 1 8 17 23 9 0 14 5 4 5
16 75 109 1 10 23 25 10 0 16 5 5 6
17 77 109 1 5 24 23 9 0 14 4 5 5
18 103 109 1 1 9 8 3 0 5 1 2 2
19 23 109 1 5 13 16 6 0 9 4 2 3
20 60 109 1 5 19 21 8 0 12 3 5 4
21 26 109 1 5 20 20 8 0 12 4 4 4
22 5 109 1 2 10 10 4 0 6 2 2 2
23 19 109 1 5 11 16 6 0 9 4 2 3
24 50 109 1 8 15 23 9 0 13 4 5 4
25 48 109 1 6 23 25 10 0 16 5 5 6
26 21 109 1 4 15 20 8 0 11 4 4 3
27 105 109 1 0 6 6 2 0 3 0 2 1
28 74 109 1 10 16 25 10 0 14 5 5 4
29 94 109 1 5 8 16 6 0 8 4 2 2
30 40 109 1 12 19 25 10 0 16 5 5 6
31 102 109 1 4 7 13 5 0 7 3 2 2
32 92 109 1 4 19 18 7 0 12 3 4 5
33 76 109 1 8 21 23 9 0 15 5 4 6
34 93 109 1 5 23 20 8 0 13 4 4 5
35 81 109 1 6 22 25 10 0 15 5 5 5
36 106 109 1 1 8 5 2 0 4 1 1 2
37 56 109 1 8 13 23 9 0 13 5 4 4
38 66 109 1 6 17 23 9 0 13 4 5 4
39 14 109 1 11 22 20 8 0 14 4 4 6
40 30 109 1 11 26 25 10 0 17 5 5 7
41 8 109 1 5 11 13 5 0 8 2 3 3
42 13 109 1 8 16 15 6 0 10 3 3 4
43 71 109 1 6 15 19 7 0 10 2 5 3
44 57 109 1 5 18 23 9 0 13 4 5 4
45 63 109 1 12 25 25 10 0 17 5 5 7
46 64 109 1 6 22 25 10 0 16 5 5 6
47 58 109 1 11 20 23 9 0 14 5 4 5
48 25 109 1 8 15 20 8 0 12 4 4 4
49 89 109 1 4 14 18 7 0 10 3 4 3
50 24 109 1 8 17 20 8 0 13 4 4 5
51 62 109 1 9 15 23 9 0 13 5 4 4
52 65 109 1 5 20 23 9 0 13 4 5 4
53 72 109 1 6 14 23 9 0 12 5 4 3
54 107 109 1 0 5 3 1 0 2 0 1 1
55 2 109 1 0 4 3 1 0 2 0 1 1
56 37 109 1 12 18 25 10 0 15 5 5 5
57 44 109 1 9 14 23 9 0 13 4 5 4
58 47 109 1 11 14 25 10 0 14 5 5 4
59 85 109 1 10 14 18 7 0 11 3 4 4
60 20 109 1 8 14 18 7 0 11 3 4 4
61 84 109 1 9 12 18 7 0 11 4 3 4
62 51 109 1 12 13 25 10 0 15 5 5 5
63 45 109 1 11 26 23 9 0 15 5 4 6
64 46 109 1 9 21 25 10 0 16 5 5 6
65 52 109 1 6 25 25 10 0 16 5 5 6
66 38 109 1 10 20 25 10 0 16 5 5 6
67 96 109 1 6 12 13 5 0 9 3 2 4
68 101 109 1 5 18 15 6 0 10 3 3 4
69 79 109 1 8 24 25 10 0 16 5 5 6
70 95 109 1 8 19 20 8 0 13 4 4 5
71 43 109 1 6 16 23 9 0 13 5 4 4
72 53 109 1 7 16 23 9 0 13 4 5 4
73 3 109 1 1 9 3 1 0 3 1 0 2
74 28 109 1 6 20 25 10 0 15 5 5 5
75 16 109 1 5 18 20 8 0 13 4 4 5
76 33 109 1 9 29 25 10 0 17 5 5 7
77 17 109 1 5 21 18 7 0 12 4 3 5
78 7 109 1 8 23 15 6 0 12 3 3 6
79 69 109 1 9 24 21 8 0 14 3 5 6
80 15 109 1 8 23 20 8 0 14 4 4 6
81 35 109 1 8 21 23 9 0 14 5 4 5
82 4 109 1 5 11 10 4 0 7 2 2 3
83 88 109 1 8 14 16 6 0 10 4 2 4
84 61 109 1 10 21 21 8 0 13 3 5 5
85 59 109 1 12 19 25 10 0 15 5 5 5
86 90 109 1 6 14 16 6 0 9 2 4 3
87 104 109 1 2 8 6 2 0 4 2 0 2
88 83 109 1 5 17 20 8 0 12 4 4 4
89 49 109 1 5 19 21 8 0 12 5 3 4
90 86 109 1 8 24 20 8 0 14 4 4 6
91 6 109 1 3 13 10 4 0 7 2 2 3
92 32 109 1 8 24 25 10 0 17 5 5 7
93 34 109 1 8 19 21 8 0 13 3 5 5
94 29 109 1 10 29 25 10 0 17 5 5 7
95 70 109 1 8 19 21 8 0 13 5 3 5
96 67 109 1 10 19 23 9 0 14 4 5 5
97 9 109 1 2 10 9 3 0 5 3 0 2
98 99 109 1 4 13 15 6 0 9 3 3 3
99 98 109 1 3 14 13 5 0 8 3 2 3
100 12 109 1 4 17 15 6 0 10 3 3 4
101 68 109 1 6 20 23 9 0 14 5 4 5
102 31 109 1 11 24 25 10 0 16 5 5 6
103 18 109 1 5 14 20 8 0 11 4 4 3
104 87 109 1 5 19 20 8 0 12 4 4 4
105 27 109 1 5 18 18 7 0 11 4 3 4
106 36 109 1 8 16 25 10 0 14 5 5 4
107 54 109 1 6 22 25 10 0 15 5 5 5
108 108 109 1 0 4 0 0 0 1 0 0 1
2 57 113 1 3 15 19 7 0 10 2 5 3
3 38 113 1 6 13 23 9 0 12 4 5 3
4 85 113 1 3 14 16 6 0 9 2 4 3
5 68 113 1 8 15 23 9 0 13 5 4 4
6 19 113 1 6 13 20 8 0 11 4 4 3
7 97 113 1 0 8 12 4 0 5 0 4 1
8 99 113 1 3 13 13 5 0 8 2 3 3
9 88 113 1 4 14 18 7 0 10 4 3 3
10 34 113 1 9 25 25 10 0 16 5 5 6
11 72 113 1 4 15 21 8 0 11 5 3 3
12 66 113 1 7 22 25 10 0 15 5 5 5
13 87 113 1 8 14 20 8 0 12 4 4 4
14 105 113 1 0 7 9 3 0 4 0 3 1
15 98 113 1 6 9 18 7 0 9 4 3 2
16 106 113 1 3 12 10 4 0 7 2 2 3
17 20 113 1 6 17 18 7 0 11 3 4 4
18 44 113 1 7 17 23 9 0 13 4 5 4
19 6 113 1 1 9 8 3 0 5 1 2 2
20 17 113 1 9 21 20 8 0 13 4 4 5
21 70 113 1 6 22 23 9 0 14 5 4 5
22 36 113 1 8 18 25 10 0 14 5 5 4
23 59 113 1 12 17 25 10 0 15 5 5 5
24 33 113 1 10 24 25 10 0 16 5 5 6
25 104 113 1 3 8 13 5 0 7 3 2 2
26 100 113 1 4 13 15 6 0 9 3 3 3
27 67 113 1 11 19 25 10 0 15 5 5 5
28 109 113 1 0 6 6 2 0 3 0 2 1
29 39 113 1 9 10 23 9 0 12 5 4 3
30 49 113 1 12 17 25 10 0 14 5 5 4
31 62 113 1 11 13 21 8 0 12 5 3 4
32 53 113 1 6 19 19 7 0 11 2 5 4
33 24 113 1 7 24 20 8 0 14 4 4 6
34 10 113 1 6 17 15 6 0 10 3 3 4
35 42 113 1 7 26 25 10 0 16 5 5 6
36 22 113 1 7 17 20 8 0 12 4 4 4
37 55 113 1 5 19 23 9 0 13 5 4 4
38 3 113 1 1 9 5 2 0 4 1 1 2
39 29 113 1 9 19 23 9 0 14 5 4 5
40 65 113 1 10 29 25 10 0 17 5 5 7
41 102 113 1 7 14 13 5 0 9 3 2 4
42 35 113 1 11 26 25 10 0 17 5 5 7
43 92 113 1 8 14 18 7 0 11 4 3 4
44 18 113 1 5 13 16 6 0 9 2 4 3
45 108 113 1 2 8 8 3 0 5 2 1 2
46 86 113 1 5 17 20 8 0 12 4 4 4
47 101 113 1 3 14 13 5 0 8 2 3 3
48 73 113 1 8 25 25 10 0 16 5 5 6
49 30 113 1 12 20 25 10 0 16 5 5 6
50 52 113 1 8 15 23 9 0 13 4 5 4
51 82 113 1 6 17 23 9 0 13 5 4 4
52 50 113 1 6 17 21 8 0 12 3 5 4
53 32 113 1 7 11 23 9 0 12 4 5 3
54 90 113 1 5 18 20 8 0 12 4 4 4
55 37 113 1 5 15 23 9 0 12 5 4 3
56 111 113 1 0 5 3 1 0 2 0 1 1
57 2 113 1 0 4 3 1 0 2 0 1 1
58 76 113 1 9 14 25 10 0 14 5 5 4
59 23 113 1 9 11 16 6 0 9 4 2 3
60 81 113 1 12 21 25 10 0 15 5 5 5
61 63 113 1 16 21 25 10 0 17 5 5 7
62 31 113 1 13 22 25 10 0 16 5 5 6
63 61 113 1 15 17 25 10 0 15 5 5 5
64 83 113 1 18 32 25 10 0 19 5 5 9
65 40 113 1 8 24 25 10 0 16 5 5 6
66 12 113 1 5 19 15 6 0 11 3 3 5
67 27 113 1 6 20 18 7 0 12 4 3 5
68 5 113 1 4 12 8 3 0 6 1 2 3
69 95 113 1 9 18 20 8 0 13 4 4 5
70 21 113 1 8 20 18 7 0 12 3 4 5
71 78 113 1 8 18 21 8 0 13 5 3 5
72 11 113 1 4 12 11 4 0 7 1 3 3
73 48 113 1 9 26 25 10 0 17 5 5 7
74 84 113 1 10 21 25 10 0 16 5 5 6
75 110 113 1 1 8 3 1 0 3 1 0 2
76 58 113 1 5 18 23 9 0 13 4 5 4
77 91 113 1 6 16 20 8 0 12 4 4 4
78 71 113 1 6 24 25 10 0 16 5 5 6
79 103 113 1 5 15 15 6 0 10 3 3 4
80 89 113 1 7 25 20 8 0 14 4 4 6
81 60 113 1 6 15 19 7 0 11 5 2 4
82 51 113 1 11 27 25 10 0 17 5 5 7
83 64 113 1 13 24 23 9 0 16 5 4 7
84 74 113 1 8 26 25 10 0 16 5 5 6
85 4 113 1 5 11 10 4 0 7 2 2 3
86 46 113 1 13 18 23 9 0 14 4 5 5
87 13 113 1 7 15 13 5 0 9 3 2 4
88 9 113 1 5 13 13 5 0 8 2 3 3
89 80 113 1 8 17 23 9 0 14 5 4 5
90 54 113 1 11 18 25 10 0 15 5 5 5
91 77 113 1 7 16 25 10 0 14 5 5 4
92 43 113 1 6 21 23 9 0 14 4 5 5
93 96 113 1 6 14 18 7 0 11 4 3 4
94 107 113 1 3 13 10 4 0 7 2 2 3
95 69 113 1 9 19 23 9 0 14 4 5 5
96 93 113 1 8 18 18 7 0 12 3 4 5
97 7 113 1 3 13 8 3 0 6 2 1 3
98 15 113 1 10 23 20 8 0 14 4 4 6
99 8 113 1 6 11 15 6 0 9 3 3 3
100 26 113 1 8 15 20 8 0 12 4 4 4
101 47 113 1 4 18 23 9 0 13 5 4 4
102 41 113 1 9 19 25 10 0 15 5 5 5
103 79 113 1 7 19 25 10 0 15 5 5 5
104 25 113 1 6 17 18 7 0 11 3 4 4
105 14 113 1 4 17 15 6 0 10 3 3 4
106 16 113 1 7 11 20 8 0 11 4 4 3
107 94 113 1 5 13 18 7 0 10 4 3 3
108 45 113 1 8 21 23 9 0 14 4 5 5
109 28 113 1 5 21 20 8 0 13 4 4 5
110 75 113 1 6 18 25 10 0 14 5 5 4
111 56 113 1 6 25 25 10 0 16 5 5 6
112 112 113 1 0 4 0 0 0 1 0 0 1
2 64 127 1 1 24 25 10 0 16 5 5 6
3 85 127 1 1 15 23 9 0 12 4 5 3
4 32 127 1 4 27 25 10 0 17 5 5 7
5 51 127 1 1 19 23 9 0 13 5 4 4
6 106 127 1 1 14 20 8 0 11 4 4 3
7 109 127 1 1 11 18 7 0 9 3 4 2
8 16 127 1 4 23 20 8 0 14 4 4 6
9 113 127 1 1 13 13 5 0 8 2 3 3
10 89 127 1 7 24 25 10 0 16 5 5 6
11 104 127 1 3 11 18 7 0 10 4 3 3
12 53 127 1 8 20 25 10 0 15 5 5 5
13 88 127 1 3 12 21 8 0 11 5 3 3
14 118 127 1 1 10 15 6 0 8 3 3 2
15 17 127 1 1 9 18 7 0 9 4 3 2
16 8 127 1 4 19 15 6 0 11 3 3 5
17 15 127 1 1 19 13 5 0 9 3 2 4
18 120 127 1 1 12 10 4 0 7 2 2 3
19 107 127 1 5 18 18 7 0 11 3 4 4
20 108 127 1 5 20 20 8 0 13 4 4 5
21 121 127 1 1 9 8 3 0 5 1 2 2
22 52 127 1 8 14 23 9 0 13 4 5 4
23 116 127 1 3 11 13 5 0 8 3 2 3
24 90 127 1 9 24 25 10 0 16 5 5 6
25 61 127 1 2 20 21 8 0 12 5 3 4
26 44 127 1 8 14 25 10 0 14 5 5 4
27 80 127 1 8 17 21 8 0 13 5 3 5
28 59 127 1 11 19 25 10 0 15 5 5 5
29 92 127 1 6 17 23 9 0 13 5 4 4
30 72 127 1 5 17 25 10 0 14 5 5 4
31 41 127 1 3 14 23 9 0 12 5 4 3
32 4 127 1 4 15 10 4 0 8 2 2 4
33 77 127 1 10 22 23 9 0 15 4 5 6
34 71 127 1 8 24 21 8 0 14 3 5 6
35 98 127 1 8 18 18 7 0 12 4 3 5
36 60 127 1 10 20 25 10 0 15 5 5 5
37 103 127 1 7 21 20 8 0 13 4 4 5
38 117 127 1 5 17 15 6 0 10 3 3 4
39 114 127 1 1 13 11 4 0 7 3 1 3
40 54 127 1 12 26 25 10 0 17 5 5 7
41 31 127 1 3 20 18 7 0 11 4 3 4
42 124 127 1 1 8 5 2 0 4 1 1 2
43 65 127 1 11 16 25 10 0 15 5 5 5
44 26 127 1 8 14 20 8 0 12 4 4 4
45 48 127 1 9 21 23 9 0 15 4 5 6
46 58 127 1 13 18 25 10 0 15 5 5 5
47 100 127 1 6 20 18 7 0 12 4 3 5
48 45 127 1 11 18 25 10 0 15 5 5 5
49 70 127 1 10 17 21 8 0 13 5 3 5
50 94 127 1 12 23 25 10 0 16 5 5 6
51 5 127 1 1 9 8 3 0 5 2 1 2
52 22 127 1 4 14 16 6 0 9 2 4 3
53 12 127 1 3 13 13 5 0 8 2 3 3
54 40 127 1 9 25 25 10 0 17 5 5 7
55 97 127 1 8 18 20 8 0 13 4 4 5
56 93 127 1 12 23 25 10 0 16 5 5 6
57 78 127 1 5 19 23 9 0 13 5 4 4
58 46 127 1 9 20 25 10 0 15 5 5 5
59 28 127 1 4 19 18 7 0 11 3 4 4
60 36 127 1 7 19 25 10 0 15 5 5 5
61 25 127 1 2 14 16 6 0 9 4 2 3
62 84 127 1 5 19 25 10 0 14 5 5 4
63 125 127 1 0 5 3 1 0 2 0 1 1
64 2 127 1 4 11 5 2 0 5 1 1 3
65 43 127 1 10 18 21 8 0 13 5 3 5
66 102 127 1 10 21 20 8 0 14 4 4 6
67 91 127 1 8 21 23 9 0 14 4 5 5
68 99 127 1 12 25 20 8 0 15 4 4 7
69 81 127 1 10 17 21 8 0 13 3 5 5
70 49 127 1 13 26 23 9 0 16 4 5 7
71 34 127 1 17 28 25 10 0 19 5 5 9
72 30 127 1 10 18 16 6 0 11 2 4 5
73 87 127 1 11 23 23 9 0 15 4 5 6
74 115 127 1 8 19 13 5 0 10 2 3 5
75 105 127 1 7 21 20 8 0 13 4 4 5
76 122 127 1 5 12 8 3 0 6 1 2 3
77 33 127 1 12 20 23 9 0 15 5 4 6
78 57 127 1 11 18 21 8 0 13 3 5 5
79 82 127 1 10 23 21 8 0 14 5 3 6
80 27 127 1 12 22 20 8 0 14 4 4 6
81 69 127 1 12 17 25 10 0 15 5 5 5
82 79 127 1 12 23 23 9 0 15 4 5 6
83 101 127 1 10 15 20 8 0 12 4 4 4
84 62 127 1 13 19 25 10 0 15 5 5 5
85 3 127 1 1 9 3 1 0 3 1 0 2
86 96 127 1 6 16 18 7 0 11 3 4 4
87 73 127 1 13 25 25 10 0 17 5 5 7
88 13 127 1 4 14 11 4 0 7 1 3 3
89 10 127 1 7 15 15 6 0 10 3 3 4
90 24 127 1 7 19 20 8 0 13 4 4 5
91 67 127 1 10 19 25 10 0 15 5 5 5
92 29 127 1 9 20 18 7 0 12 3 4 5
93 56 127 1 11 35 25 10 0 19 5 5 9
94 50 127 1 10 26 23 9 0 16 4 5 7
95 123 127 1 6 16 10 4 0 8 2 2 4
96 86 127 1 11 22 25 10 0 16 5 5 6
97 55 127 1 10 25 23 9 0 15 5 4 6
98 35 127 1 13 26 25 10 0 17 5 5 7
99 68 127 1 12 16 23 9 0 14 5 4 5
100 47 127 1 14 25 25 10 0 17 5 5 7
101 83 127 1 11 16 25 10 0 14 5 5 4
102 66 127 1 7 17 21 8 0 12 3 5 4
103 37 127 1 8 20 23 9 0 14 5 4 5
104 11 127 1 4 14 13 5 0 8 2 3 3
105 75 127 1 8 21 23 9 0 14 4 5 5
106 6 127 1 3 13 10 4 0 7 2 2 3
107 19 127 1 6 16 16 6 0 10 4 2 4
108 20 127 1 8 19 20 8 0 13 4 4 5
109 7 127 1 2 14 8 3 0 6 2 1 3
110 112 127 1 4 17 13 5 0 9 2 3 4
111 119 127 1 6 22 15 6 0 11 3 3 5
112 110 127 1 10 20 20 8 0 13 4 4 5
113 9 127 1 1 9 9 3 0 5 3 0 2
114 39 127 1 8 21 25 10 0 15 5 5 5
115 74 127 1 10 18 23 9 0 14 5 4 5
116 23 127 1 5 20 18 7 0 11 3 4 4
117 38 127 1 9 20 25 10 0 15 5 5 5
118 14 127 1 4 19 15 6 0 10 3 3 4
119 111 127 1 8 27 20 8 0 14 4 4 6
120 18 127 1 7 15 20 8 0 12 4 4 4
121 21 127 1 3 14 16 6 0 9 4 2 3
122 76 127 1 6 19 23 9 0 13 4 5 4
123 95 127 1 8 32 25 10 0 17 5 5 7
124 42 127 1 8 20 25 10 0 15 5 5 5
125 -4255 127 -126 10 24 23 9 0 15 5 4 6
126 126 127 1 0 4 0 0 0 1 0 0 1
2 66 131 1 3 11 30 12 0 14 6 6 2
3 44 131 1 6 11 26 10 0 13 4 6 3
4 33 131 1 6 14 30 12 0 15 6 6 3
5 105 131 1 6 12 23 9 0 12 4 5 3
6 22 131 1 6 11 23 9 0 12 4 5 3
7 75 131 1 11 24 30 12 0 19 6 6 7
8 82 131 1 7 18 30 12 0 16 6 6 4
9 102 131 1 7 12 23 9 0 12 5 4 3
10 118 131 1 6 11 20 8 0 11 4 4 3
11 12 131 1 3 8 16 6 0 8 2 4 2
12 11 131 1 6 11 20 8 0 11 4 4 3
13 121 131 1 4 13 18 7 0 10 3 4 3
14 103 131 1 7 23 25 10 0 16 5 5 6
15 35 131 1 9 23 28 11 0 17 6 5 6
16 41 131 1 9 20 30 12 0 17 6 6 5
17 54 131 1 7 14 28 11 0 14 5 6 3
18 51 131 1 8 21 28 11 0 16 5 6 5
19 69 131 1 11 14 30 12 0 16 6 6 4
20 59 131 1 10 15 26 10 0 14 4 6 4
21 25 131 1 5 13 21 8 0 11 5 3 3
22 6 131 1 3 8 13 5 0 7 2 3 2
23 57 131 1 7 21 28 11 0 16 6 5 5
24 2691 131 1 7 22 28 11 0 16 5 6 5
25 21 131 1 5 17 21 8 0 12 5 3 4
26 126 131 1 4 12 15 6 0 9 3 3 3
27 34 131 1 13 23 30 12 0 19 6 6 7
28 117 131 1 9 16 20 8 0 13 4 4 5
29 122 131 1 4 11 18 7 0 10 4 3 3
30 83 131 1 8 29 30 12 0 19 6 6 7
31 93 131 1 7 16 28 11 0 15 5 6 4
32 86 131 1 10 23 30 12 0 18 6 6 6
33 4 131 1 0 4 6 2 0 3 0 2 1
34 27 131 1 7 14 25 10 0 13 5 5 3
35 15 131 1 4 9 16 6 0 8 4 2 2
36 91 131 1 13 24 30 12 0 18 6 6 6
37 85 131 1 10 17 28 11 0 15 5 6 4
38 100 131 1 7 16 25 10 0 14 5 5 4
39 84 131 1 8 16 26 10 0 14 6 4 4
40 95 131 1 11 26 30 12 0 19 6 6 7
41 16 131 1 4 14 20 8 0 12 4 4 4
42 78 131 1 5 17 28 11 0 15 5 6 4
43 64 131 1 5 18 30 12 0 17 6 6 5
44 3 131 1 3 8 10 4 0 6 2 2 2
45 99 131 1 11 17 25 10 0 15 5 5 5
46 94 131 1 11 25 30 12 0 19 6 6 7
47 92 131 1 11 18 28 11 0 17 6 5 6
48 1411 131 1 7 21 25 10 0 15 5 5 5
49 123 131 1 8 17 15 6 0 11 3 3 5
50 76 131 1 13 25 30 12 0 19 6 6 7
51 18 131 1 8 15 21 8 0 12 3 5 4
52 63 131 1 14 21 30 12 0 18 6 6 6
53 89 131 1 6 17 24 9 0 13 3 6 4
54 17 131 1 8 22 25 10 0 16 5 5 6
55 81 131 1 10 21 28 11 0 17 5 6 6
56 124 131 1 5 15 15 6 0 10 3 3 4
57 23 131 1 8 18 21 8 0 13 5 3 5
58 61 131 1 12 17 30 12 0 18 6 6 6
59 20 131 1 6 15 23 9 0 13 4 5 4
60 107 131 1 8 19 23 9 0 14 4 5 5
61 58 131 1 9 30 30 12 0 20 6 6 8
62 112 131 1 7 15 25 10 0 14 5 5 4
63 52 131 1 7 19 28 11 0 16 5 6 5
64 43 131 1 12 25 30 12 0 19 6 6 7
65 129 131 1 0 5 3 1 0 2 0 1 1
66 2 131 1 0 4 3 1 0 2 0 1 1
67 88 131 1 9 16 28 11 0 15 6 5 4
68 79 131 1 8 19 28 11 0 15 5 6 4
69 19 131 1 9 16 23 9 0 13 5 4 4
70 73 131 1 7 15 26 10 0 13 4 6 3
71 24 131 1 9 14 23 9 0 13 4 5 4
72 111 131 1 9 20 23 9 0 14 4 5 5
73 70 131 1 14 21 28 11 0 17 6 5 6
74 108 131 1 10 16 25 10 0 14 5 5 4
75 7 131 1 4 8 11 4 0 6 3 1 2
76 50 131 1 9 19 28 11 0 16 5 6 5
77 114 131 1 9 15 23 9 0 13 5 4 4
78 42 131 1 12 20 30 12 0 17 6 6 5
79 68 131 1 15 19 28 11 0 17 6 5 6
80 113 131 1 11 20 25 10 0 16 5 5 6
81 55 131 1 12 24 28 11 0 18 6 5 7
82 8 131 1 7 8 13 5 0 8 2 3 3
83 30 131 1 10 26 25 10 0 17 5 5 7
84 39 131 1 10 18 30 12 0 17 6 6 5
85 37 131 1 10 20 28 11 0 17 6 5 6
86 32 131 1 10 10 23 9 0 13 4 5 4
87 128 131 1 3 6 8 3 0 5 2 1 2
88 67 131 1 6 24 28 11 0 16 5 6 5
89 53 131 1 6 21 28 11 0 16 6 5 5
90 115 131 1 5 18 18 7 0 11 3 4 4
91 36 131 1 8 19 28 11 0 16 5 6 5
92 47 131 1 10 18 30 12 0 17 6 6 5
93 31 131 1 5 21 21 8 0 13 5 3 5
94 46 131 1 10 24 30 12 0 19 6 6 7
95 40 131 1 8 17 26 10 0 15 4 6 5
96 116 131 1 5 19 20 8 0 13 4 4 5
97 104 131 1 5 19 23 9 0 14 5 4 5
98 127 131 1 4 16 10 4 0 8 2 2 4
99 45 131 1 7 23 26 10 0 16 6 4 6
100 38 131 1 15 29 30 12 0 20 6 6 8
101 48 131 1 11 21 26 10 0 16 4 6 6
102 9 131 1 8 15 18 7 0 11 3 4 4
103 14 131 1 11 17 20 8 0 13 4 4 5
104 97 131 1 15 25 30 12 0 19 6 6 7
105 5 131 1 4 11 11 4 0 7 3 1 3
106 110 131 1 6 16 21 8 0 12 3 5 4
107 60 131 1 9 25 30 12 0 18 6 6 6
108 74 131 1 9 30 30 12 0 20 6 6 8
109 125 131 1 5 15 15 6 0 10 3 3 4
110 106 131 1 10 20 25 10 0 16 5 5 6
111 72 131 1 13 23 26 10 0 17 6 4 7
112 62 131 1 13 21 30 12 0 18 6 6 6
113 80 131 1 10 22 28 11 0 17 6 5 6
114 2435 131 1 10 35 30 12 0 20 6 6 8
115 90 131 1 10 27 28 11 0 18 6 5 7
116 96 131 1 13 21 30 12 0 19 6 6 7
117 28 131 1 6 20 25 10 0 15 5 5 5
118 10 131 1 6 15 20 8 0 12 4 4 4
119 120 131 1 5 15 18 7 0 11 4 3 4
120 119 131 1 8 18 20 8 0 13 4 4 5
121 13 131 1 5 15 16 6 0 10 4 2 4
122 29 131 1 11 24 25 10 0 17 5 5 7
123 49 131 1 9 27 26 10 0 17 6 4 7
124 56 131 1 13 20 30 12 0 18 6 6 6
125 109 131 1 7 20 25 10 0 15 5 5 5
126 26 131 1 7 19 25 10 0 15 5 5 5
127 98 131 1 9 31 28 11 0 19 6 5 8
128 87 131 1 13 29 30 12 0 20 6 6 8
129 65 131 1 3 11 18 6 0 8 6 0 2
130 130 131 1 0 4 0 0 0 1 0 0 1
2 69 137 1 3 11 26 10 0 12 4 6 2
3 46 137 1 7 9 28 11 0 14 5 6 3
4 103 137 1 3 10 23 9 0 11 4 5 2
5 55 137 1 7 9 28 11 0 14 6 5 3
6 23 137 1 7 9 25 10 0 13 5 5 3
7 98 137 1 7 16 28 11 0 15 6 5 4
8 120 137 1 3 9 20 8 0 10 4 4 2
9 61 137 1 7 18 28 11 0 15 6 5 4
10 96 137 1 8 13 30 12 0 16 6 6 4
11 25 137 1 5 14 23 9 0 12 5 4 3
12 80 137 1 8 18 30 12 0 17 6 6 5
13 116 137 1 7 18 23 9 0 14 5 4 5
14 49 137 1 9 18 30 12 0 17 6 6 5
15 64 137 1 7 24 30 12 0 19 6 6 7
16 60 137 1 6 12 26 10 0 13 4 6 3
17 129 137 1 0 7 9 3 0 4 0 3 1
18 99 137 1 12 22 30 12 0 18 6 6 6
19 101 137 1 12 22 30 12 0 18 6 6 6
20 48 137 1 10 15 30 12 0 17 6 6 5
21 124 137 1 7 10 18 7 0 10 4 3 3
22 81 137 1 6 19 28 11 0 15 5 6 4
23 6 137 1 4 7 13 5 0 7 2 3 2
24 40 137 1 10 20 30 12 0 18 6 6 6
25 11 137 1 7 12 18 7 0 10 4 3 3
26 58 137 1 14 23 30 12 0 19 6 6 7
27 66 137 1 6 25 30 12 0 18 6 6 6
28 93 137 1 10 21 30 12 0 18 6 6 6
29 52 137 1 10 25 28 11 0 18 5 6 7
30 32 137 1 11 16 25 10 0 16 5 5 6
31 84 137 1 5 20 28 11 0 16 6 5 5
32 30 137 1 6 12 23 9 0 12 4 5 3
33 54 137 1 7 22 30 12 0 17 6 6 5
34 133 137 1 0 6 6 2 0 3 0 2 1
35 47 137 1 6 12 26 10 0 13 6 4 3
36 118 137 1 8 19 25 10 0 15 5 5 5
37 100 137 1 9 16 28 11 0 15 6 5 4
38 119 137 1 12 19 25 10 0 16 5 5 6
39 130 137 1 5 8 13 5 0 7 3 2 2
40 24 137 1 6 11 21 8 0 11 3 5 3
41 127 137 1 6 12 18 7 0 10 3 4 3
42 62 137 1 14 23 30 12 0 18 6 6 6
43 51 137 1 9 20 26 10 0 15 6 4 5
44 109 137 1 6 18 25 10 0 14 5 5 4
45 67 137 1 8 20 28 11 0 16 6 5 5
46 3 137 1 4 7 10 4 0 6 2 2 2
47 35 137 1 13 21 28 11 0 17 6 5 6
48 20 137 1 10 16 25 10 0 15 5 5 5
49 14 137 1 10 12 20 8 0 12 4 4 4
50 74 137 1 10 19 28 11 0 16 5 6 5
51 43 137 1 14 24 28 11 0 18 6 5 7
52 29 137 1 18 26 25 10 0 18 5 5 8
53 106 137 1 11 18 23 9 0 15 5 4 6
54 33 137 1 12 20 25 10 0 16 5 5 6
55 5 137 1 5 12 13 5 0 8 3 2 3
56 115 137 1 6 16 21 8 0 12 3 5 4
57 125 137 1 5 17 18 7 0 11 3 4 4
58 26 137 1 8 23 25 10 0 16 5 5 6
59 72 137 1 11 21 28 11 0 17 6 5 6
60 16 137 1 9 18 20 8 0 14 4 4 6
61 9 137 1 5 14 16 6 0 9 4 2 3
62 42 137 1 9 23 30 12 0 18 6 6 6
63 87 137 1 9 18 26 10 0 15 4 6 5
64 15 137 1 6 12 20 8 0 11 4 4 3
65 78 137 1 11 21 28 11 0 17 6 5 6
66 27 137 1 9 16 25 10 0 14 5 5 4
67 45 137 1 9 17 28 11 0 15 6 5 4
68 135 137 1 0 5 3 1 0 2 0 1 1
69 2 137 1 0 4 3 1 0 2 0 1 1
70 92 137 1 8 15 30 12 0 16 6 6 4
71 110 137 1 6 11 23 9 0 12 5 4 3
72 59 137 1 14 24 30 12 0 19 6 6 7
73 122 137 1 5 8 14 5 0 7 4 1 2
74 50 137 1 12 18 30 12 0 17 6 6 5
75 95 137 1 8 17 26 10 0 14 4 6 4
76 128 137 1 8 16 20 8 0 13 4 4 5
77 121 137 1 8 12 18 7 0 10 3 4 3
78 65 137 1 13 14 30 12 0 16 6 6 4
79 111 137 1 7 12 21 8 0 11 3 5 3
80 12 137 1 6 11 18 7 0 10 3 4 3
81 22 137 1 10 20 25 10 0 15 5 5 5
82 132 137 1 6 11 15 6 0 9 3 3 3
83 104 137 1 14 19 23 9 0 15 5 4 6
84 31 137 1 15 21 23 9 0 15 4 5 6
85 108 137 1 8 14 21 8 0 12 5 3 4
86 94 137 1 13 23 30 12 0 19 6 6 7
87 63 137 1 10 24 28 11 0 17 6 5 6
88 123 137 1 7 11 16 6 0 9 2 4 3
89 117 137 1 9 16 23 9 0 13 4 5 4
90 102 137 1 14 20 30 12 0 18 6 6 6
91 134 137 1 4 7 8 3 0 5 2 1 2
92 5961 137 1 9 28 30 12 0 18 6 6 6
93 28 137 1 7 15 23 9 0 13 4 5 4
94 86 137 1 9 28 30 12 0 19 6 6 7
95 75 137 1 13 21 30 12 0 18 6 6 6
96 10 137 1 5 12 16 6 0 9 2 4 3
97 113 137 1 10 25 25 10 0 16 5 5 6
98 7 137 1 5 15 15 6 0 10 3 3 4
99 18 137 1 8 21 23 9 0 14 4 5 5
100 37 137 1 10 28 30 12 0 19 6 6 7
101 19 137 1 8 22 21 8 0 14 5 3 6
102 90 137 1 12 34 30 12 0 21 6 6 9
103 4 137 1 4 14 10 4 0 8 2 2 4
104 83 137 1 10 22 28 11 0 17 5 6 6
105 107 137 1 10 21 23 9 0 15 4 5 6
106 53 137 1 13 28 28 11 0 19 5 6 8
107 105 137 1 13 23 25 10 0 16 5 5 6
108 85 137 1 13 24 28 11 0 18 5 6 7
109 44 137 1 13 22 30 12 0 18 6 6 6
110 71 137 1 9 25 30 12 0 18 6 6 6
111 79 137 1 13 22 30 12 0 18 6 6 6
112 126 137 1 6 15 18 7 0 11 3 4 4
113 97 137 1 9 28 28 11 0 18 5 6 7
114 131 137 1 5 16 15 6 0 10 3 3 4
115 56 137 1 11 27 30 12 0 20 6 6 8
116 13 137 1 8 19 18 7 0 12 3 4 5
117 89 137 1 14 28 30 12 0 19 6 6 7
118 36 137 1 12 28 30 12 0 19 6 6 7
119 38 137 1 12 29 30 12 0 20 6 6 8
120 8 137 1 5 18 15 6 0 11 3 3 5
121 77 137 1 14 34 30 12 0 22 6 6 10
122 73 137 1 8 28 30 12 0 18 6 6 6
123 88 137 1 6 20 26 10 0 15 6 4 5
124 21 137 1 9 19 23 9 0 14 4 5 5
125 57 137 1 8 26 28 11 0 17 6 5 6
126 112 137 1 9 17 23 9 0 14 4 5 5
127 41 137 1 10 30 28 11 0 18 6 5 7
128 76 137 1 9 16 26 10 0 14 4 6 4
129 17 137 1 3 11 12 4 0 6 4 0 2
130 39 137 1 13 29 30 12 0 20 6 6 8
131 114 137 1 9 17 23 9 0 13 5 4 4
132 82 137 1 11 21 28 11 0 16 5 6 5
133 34 137 1 6 15 25 10 0 13 5 5 3
134 91 137 1 11 21 30 12 0 17 6 6 5
135 68 137 1 7 20 30 12 0 16 6 6 4
136 136 137 1 0 4 0 0 0 1 0 0 1
2 70 139 1 5 15 30 12 0 15 6 6 3
3 93 139 1 8 11 28 11 0 14 5 6 3
4 35 139 1 6 20 30 12 0 16 6 6 4
5 28 139 1 4 8 21 8 0 10 3 5 2
6 116 139 1 8 10 25 10 0 13 5 5 3
7 20 139 1 4 11 21 8 0 11 3 5 3
8 87 139 1 7 23 30 12 0 17 6 6 5
9 31 139 1 6 8 23 9 0 11 5 4 2
10 14 139 1 4 8 18 7 0 9 3 4 2
11 38 139 1 9 16 28 11 0 15 5 6 4
12 58 139 1 11 13 28 11 0 15 5 6 4
13 107 139 1 12 25 25 10 0 17 5 5 7
14 10 139 1 4 11 18 7 0 10 3 4 3
15 102 139 1 12 26 28 11 0 18 6 5 7
16 113 139 1 7 14 23 9 0 12 4 5 3
17 90 139 1 8 14 28 11 0 14 6 5 3
18 85 139 1 8 12 28 11 0 14 5 6 3
19 22 139 1 7 14 23 9 0 12 4 5 3
20 7 139 1 4 8 15 6 0 8 3 3 2
21 53 139 1 10 17 28 11 0 16 6 5 5
22 19 139 1 9 16 25 10 0 14 5 5 4
23 133 139 1 3 7 13 5 0 7 2 3 2
24 29 139 1 11 13 25 10 0 14 5 5 4
25 89 139 1 10 14 26 10 0 14 4 6 4
26 123 139 1 8 24 20 8 0 14 4 4 6
27 103 139 1 10 29 30 12 0 19 6 6 7
28 5 139 1 4 11 15 6 0 9 3 3 3
29 24 139 1 11 17 25 10 0 15 5 5 5
30 51 139 1 16 26 30 12 0 20 6 6 8
31 9 139 1 5 12 18 7 0 10 4 3 3
32 126 139 1 7 13 20 8 0 11 4 4 3
33 59 139 1 9 24 28 11 0 16 6 5 5
34 45 139 1 10 16 30 12 0 16 6 6 4
35 4 139 1 0 4 6 2 0 3 0 2 1
36 112 139 1 8 11 25 10 0 13 5 5 3
37 124 139 1 5 8 16 6 0 8 4 2 2
38 11 139 1 7 14 20 8 0 11 4 4 3
39 82 139 1 10 14 28 11 0 15 6 5 4
40 907 139 1 7 20 28 11 0 15 5 6 4
41 78 139 1 12 22 28 11 0 17 6 5 6
42 96 139 1 11 23 30 12 0 19 6 6 7
43 97 139 1 11 21 30 12 0 17 6 6 5
44 79 139 1 11 25 30 12 0 18 6 6 6
45 34 139 1 7 21 25 10 0 15 5 5 5
46 136 139 1 3 6 10 4 0 6 2 2 2
47 71 139 1 16 19 30 12 0 18 6 6 6
48 84 139 1 12 16 28 11 0 16 5 6 5
49 122 139 1 9 12 18 7 0 11 4 3 4
50 114 139 1 10 13 23 9 0 13 4 5 4
51 30 139 1 8 23 25 10 0 16 5 5 6
52 131 139 1 8 17 15 6 0 11 3 3 5
53 21 139 1 10 20 23 9 0 15 5 4 6
54 121 139 1 13 24 25 10 0 17 5 5 7
55 91 139 1 10 18 28 11 0 16 5 6 5
56 72 139 1 6 24 30 12 0 18 6 6 6
57 100 139 1 8 18 28 11 0 16 6 5 5
58 12 139 1 5 16 18 7 0 11 3 4 4
59 33 139 1 6 22 21 8 0 13 5 3 5
60 95 139 1 10 22 30 12 0 18 6 6 6
61 98 139 1 14 28 28 11 0 19 6 5 8
62 74 139 1 6 24 30 12 0 18 6 6 6
63 64 139 1 6 22 30 12 0 18 6 6 6
64 63 139 1 13 19 30 12 0 17 6 6 5
65 77 139 1 12 23 30 12 0 18 6 6 6
66 99 139 1 14 28 30 12 0 19 6 6 7
67 83 139 1 10 17 28 11 0 15 5 6 4
68 92 139 1 10 20 30 12 0 17 6 6 5
69 137 139 1 0 5 3 1 0 2 0 1 1
70 2 139 1 0 4 3 1 0 2 0 1 1
71 47 139 1 8 13 24 9 0 12 6 3 3
72 56 139 1 10 14 28 11 0 15 5 6 4
73 40 139 1 12 20 28 11 0 17 5 6 6
74 62 139 1 9 10 26 10 0 13 4 6 3
75 76 139 1 11 17 28 11 0 16 6 5 5
76 75 139 1 7 24 28 11 0 16 5 6 5
77 65 139 1 9 29 28 11 0 18 6 5 7
78 41 139 1 13 17 30 12 0 17 6 6 5
79 44 139 1 9 16 28 11 0 15 5 6 4
80 523 139 1 7 19 25 10 0 14 5 5 4
81 127 139 1 6 12 18 7 0 10 3 4 3
82 39 139 1 12 30 30 12 0 20 6 6 8
83 67 139 1 8 22 26 10 0 15 6 4 5
84 48 139 1 16 20 30 12 0 18 6 6 6
85 18 139 1 14 23 25 10 0 17 5 5 7
86 118 139 1 11 22 25 10 0 16 5 5 6
87 8 139 1 7 8 13 5 0 8 2 3 3
88 109 139 1 10 26 25 10 0 17 5 5 7
89 25 139 1 8 15 23 9 0 13 5 4 4
90 17 139 1 10 14 20 8 0 12 4 4 4
91 55 139 1 11 16 28 11 0 15 6 5 4
92 68 139 1 12 16 28 11 0 16 5 6 5
93 3 139 1 3 8 8 3 0 5 2 1 2
94 105 139 1 5 16 21 8 0 12 3 5 4
95 60 139 1 10 22 30 12 0 18 6 6 6
96 42 139 1 9 22 30 12 0 18 6 6 6
97 43 139 1 7 19 26 10 0 14 6 4 4
98 61 139 1 9 23 26 10 0 16 4 6 6
99 66 139 1 8 26 30 12 0 18 6 6 6
100 57 139 1 11 22 28 11 0 17 5 6 6
101 128 139 1 6 14 18 7 0 11 4 3 4
102 15 139 1 8 26 20 8 0 15 4 4 7
103 27 139 1 9 28 23 9 0 16 5 4 7
104 135 139 1 4 16 10 4 0 8 2 2 4
105 94 139 1 9 24 26 10 0 16 6 4 6
106 2443 139 1 11 37 30 12 0 21 6 6 9
107 13 139 1 7 19 16 6 0 11 4 2 5
108 130 139 1 9 20 20 8 0 14 4 4 6
109 88 139 1 10 21 26 10 0 16 6 4 6
110 115 139 1 10 17 25 10 0 15 5 5 5
111 134 139 1 4 12 11 4 0 7 3 1 3
112 36 139 1 8 26 30 12 0 19 6 6 7
113 16 139 1 5 18 20 8 0 13 4 4 5
114 50 139 1 10 21 30 12 0 18 6 6 6
115 110 139 1 6 21 21 8 0 13 5 3 5
116 6 139 1 5 16 15 6 0 10 3 3 4
117 120 139 1 8 18 21 8 0 13 5 3 5
118 86 139 1 10 27 28 11 0 18 5 6 7
119 132 139 1 5 15 13 5 0 9 3 2 4
120 117 139 1 8 22 25 10 0 16 5 5 6
121 54 139 1 9 32 28 11 0 19 5 6 8
122 49 139 1 11 30 30 12 0 20 6 6 8
123 26 139 1 10 25 23 9 0 16 4 5 7
124 37 139 1 9 27 30 12 0 19 6 6 7
125 129 139 1 6 17 20 8 0 12 4 4 4
126 32 139 1 10 18 25 10 0 16 5 5 6
127 81 139 1 11 26 30 12 0 19 6 6 7
128 101 139 1 13 23 30 12 0 18 6 6 6
129 125 139 1 9 15 20 8 0 12 4 4 4
130 108 139 1 8 22 25 10 0 15 5 5 5
131 52 139 1 9 20 30 12 0 17 6 6 5
132 119 139 1 10 25 25 10 0 16 5 5 6
133 23 139 1 10 17 23 9 0 13 5 4 4
134 111 139 1 10 16 25 10 0 14 5 5 4
135 104 139 1 9 15 28 11 0 15 6 5 4
136 46 139 1 13 23 30 12 0 18 6 6 6
137 69 139 1 6 14 26 10 0 13 6 4 3
138 138 139 1 0 4 0 0 0 1 0 0 1
2 75 149 1 2 14 28 11 0 14 5 6 3
3 50 149 1 4 13 28 11 0 14 5 6 3
4 112 149 1 2 13 25 10 0 13 5 5 3
5 30 149 1 4 9 23 9 0 11 4 5 2
6 25 149 1 4 13 25 10 0 13 5 5 3
7 64 149 1 8 26 30 12 0 20 6 6 8
8 56 149 1 5 16 28 11 0 15 5 6 4
9 116 149 1 2 11 23 9 0 11 5 4 2
10 15 149 1 4 9 20 8 0 10 4 4 2
11 122 149 1 6 11 23 9 0 12 5 4 3
12 87 149 1 5 17 28 11 0 15 5 6 4
13 23 149 1 6 10 23 9 0 12 5 4 3
14 32 149 1 10 20 25 10 0 17 5 5 7
15 10 149 1 4 13 18 7 0 10 3 4 3
16 28 149 1 5 16 25 10 0 14 5 5 4
17 114 149 1 8 16 23 9 0 13 5 4 4
18 58 149 1 6 14 28 11 0 14 5 6 3
19 102 149 1 5 13 28 11 0 14 6 5 3
20 82 149 1 7 18 30 12 0 16 6 6 4
21 71 149 1 5 17 28 11 0 15 6 5 4
22 61 149 1 10 16 28 11 0 15 5 6 4
23 13 149 1 4 13 18 7 0 10 4 3 3
24 118 149 1 5 16 25 10 0 14 5 5 4
25 6 149 1 4 7 13 5 0 7 2 3 2
26 533 149 1 9 22 30 12 0 17 6 6 5
27 138 149 1 6 15 18 7 0 11 4 3 4
28 16 149 1 6 20 20 8 0 14 4 4 6
29 36 149 1 7 26 25 10 0 17 5 5 7
30 5 149 1 4 13 15 6 0 9 3 3 3
31 125 149 1 9 18 25 10 0 15 5 5 5
32 14 149 1 5 12 18 7 0 10 3 4 3
33 140 149 1 2 9 13 5 0 7 3 2 2
34 57 149 1 9 25 28 11 0 17 5 6 6
35 132 149 1 2 10 16 6 0 8 4 2 2
36 29 149 1 6 14 25 10 0 13 5 5 3
37 145 149 1 0 6 6 2 0 3 0 2 1
38 51 149 1 9 15 30 12 0 16 6 6 4
39 107 149 1 9 17 28 11 0 16 5 6 5
40 41 149 1 9 21 30 12 0 17 6 6 5
41 40 149 1 14 23 30 12 0 19 6 6 7
42 110 149 1 12 17 30 12 0 17 6 6 5
43 52 149 1 7 13 24 9 0 12 3 6 3
44 105 149 1 11 28 30 12 0 19 6 6 7
45 53 149 1 12 24 26 10 0 16 6 4 6
46 81 149 1 9 23 30 12 0 17 6 6 5
47 130 149 1 8 19 23 9 0 14 5 4 5
48 59 149 1 9 19 28 11 0 16 5 6 5
49 73 149 1 7 17 24 9 0 13 6 3 4
50 3 149 1 4 7 10 4 0 6 2 2 2
51 38 149 1 13 21 30 12 0 18 6 6 6
52 43 149 1 11 20 30 12 0 18 6 6 6
53 45 149 1 10 18 26 10 0 15 6 4 5
54 69 149 1 13 20 28 11 0 17 5 6 6
55 84 149 1 14 27 28 11 0 19 6 5 8
56 8 149 1 8 14 15 6 0 11 3 3 5
57 34 149 1 11 24 25 10 0 17 5 5 7
58 18 149 1 11 18 20 8 0 14 4 4 6
59 48 149 1 12 16 28 11 0 16 5 6 5
60 77 149 1 8 27 28 11 0 17 5 6 6
61 22 149 1 6 15 21 8 0 12 3 5 4
62 137 149 1 5 17 18 7 0 11 3 4 4
63 123 149 1 8 22 25 10 0 16 5 5 6
64 7 149 1 5 12 15 6 0 9 3 3 3
65 94 149 1 8 18 26 10 0 14 6 4 4
66 70 149 1 8 13 24 9 0 12 3 6 3
67 129 149 1 7 16 23 9 0 13 4 5 4
68 103 149 1 12 27 30 12 0 19 6 6 7
69 54 149 1 8 16 26 10 0 14 4 6 4
70 66 149 1 8 13 26 10 0 13 4 6 3
71 21 149 1 6 19 23 9 0 13 5 4 4
72 89 149 1 8 17 28 11 0 15 5 6 4
73 49 149 1 5 13 24 9 0 12 6 3 3
74 147 149 1 0 5 3 1 0 2 0 1 1
75 2 149 1 0 4 3 1 0 2 0 1 1
76 100 149 1 10 19 30 12 0 17 6 6 5
77 60 149 1 8 13 28 11 0 14 5 6 3
78 128 149 1 9 16 25 10 0 15 5 5 5
79 83 149 1 14 20 30 12 0 18 6 6 6
80 95 149 1 10 24 30 12 0 18 6 6 6
81 46 149 1 10 14 26 10 0 14 4 6 4
82 20 149 1 11 25 25 10 0 17 5 5 7
83 79 149 1 17 23 30 12 0 19 6 6 7
84 55 149 1 14 20 30 12 0 18 6 6 6
85 142 149 1 4 7 11 4 0 6 3 1 2
86 26 149 1 7 13 21 8 0 11 3 5 3
87 12 149 1 6 11 18 7 0 10 3 4 3
88 127 149 1 9 24 25 10 0 16 5 5 6
89 72 149 1 8 24 30 12 0 18 6 6 6
90 101 149 1 16 26 30 12 0 19 6 6 7
91 131 149 1 12 18 20 8 0 14 4 4 6
92 115 149 1 8 19 23 9 0 14 4 5 5
93 141 149 1 7 11 13 5 0 8 2 3 3
94 65 149 1 16 21 30 12 0 19 6 6 7
95 80 149 1 15 19 28 11 0 17 6 5 6
96 104 149 1 14 19 30 12 0 17 6 6 5
97 106 149 1 14 20 28 11 0 16 6 5 5
98 111 149 1 18 24 30 12 0 19 6 6 7
99 146 149 1 4 7 8 3 0 5 2 1 2
100 5589 149 1 11 24 30 12 0 17 6 6 5
101 90 149 1 10 22 28 11 0 16 6 5 5
102 19 149 1 10 24 25 10 0 16 5 5 6
103 68 149 1 11 25 30 12 0 18 6 6 6
104 96 149 1 10 19 30 12 0 17 6 6 5
105 44 149 1 9 27 30 12 0 19 6 6 7
106 97 149 1 11 28 30 12 0 19 6 6 7
107 39 149 1 12 26 28 11 0 18 6 5 7
108 109 149 1 15 28 30 12 0 20 6 6 8
109 108 149 1 12 28 28 11 0 19 6 5 8
110 42 149 1 12 36 30 12 0 21 6 6 9
111 98 149 1 8 23 26 10 0 16 6 4 6
112 4 149 1 4 14 10 4 0 8 2 2 4
113 120 149 1 7 17 19 7 0 12 5 2 5
114 17 149 1 10 20 20 8 0 14 4 4 6
115 92 149 1 10 26 28 11 0 18 6 5 7
116 9 149 1 9 20 15 6 0 12 3 3 6
117 135 149 1 9 20 18 7 0 13 3 4 6
118 24 149 1 12 16 25 10 0 15 5 5 5
119 144 149 1 4 10 11 4 0 7 3 1 3
120 113 149 1 8 26 25 10 0 16 5 5 6
121 133 149 1 6 22 20 8 0 13 4 4 5
122 11 149 1 6 15 18 7 0 11 3 4 4
123 63 149 1 10 33 28 11 0 19 6 5 8
124 143 149 1 5 16 15 6 0 10 3 3 4
125 31 149 1 11 24 23 9 0 15 5 4 6
126 136 149 1 8 17 18 7 0 12 3 4 5
127 88 149 1 13 19 28 11 0 17 6 5 6
128 78 149 1 10 21 28 11 0 16 5 6 5
129 67 149 1 9 25 26 10 0 16 6 4 6
130 47 149 1 12 20 30 12 0 17 6 6 5
131 91 149 1 14 21 28 11 0 17 5 6 6
132 35 149 1 8 13 21 8 0 11 3 5 3
133 121 149 1 10 18 25 10 0 14 5 5 4
134 139 149 1 7 15 20 8 0 12 4 4 4
135 117 149 1 12 24 25 10 0 16 5 5 6
136 126 149 1 10 24 23 9 0 15 4 5 6
137 62 149 1 11 25 30 12 0 18 6 6 6
138 27 149 1 8 16 23 9 0 13 4 5 4
139 134 149 1 6 11 18 7 0 10 4 3 3
140 33 149 1 8 13 23 9 0 12 4 5 3
141 93 149 1 10 21 28 11 0 16 5 6 5
142 85 149 1 9 28 30 12 0 18 6 6 6
143 124 149 1 5 12 19 7 0 10 5 2 3
144 119 149 1 8 16 25 10 0 14 5 5 4
145 37 149 1 4 16 21 8 0 11 5 3 3
146 99 149 1 9 17 30 12 0 16 6 6 4
147 74 149 1 7 21 30 12 0 16 6 6 4
148 148 149 1 0 4 0 0 0 1 0 0 1
2 76 151 1 4 18 30 12 0 16 6 6 4
3 101 151 1 5 14 28 11 0 14 5 6 3
4 38 151 1 5 23 30 12 0 17 6 6 5
5 121 151 1 4 8 23 9 0 11 4 5 2
6 126 151 1 5 13 25 10 0 13 5 5 3
7 108 151 1 9 20 28 11 0 17 6 5 6
8 19 151 1 5 18 25 10 0 14 5 5 4
9 84 151 1 9 17 28 11 0 15 6 5 4
10 136 151 1 4 7 20 8 0 10 4 4 2
11 55 151 1 7 13 26 10 0 13 6 4 3
12 63 151 1 11 19 30 12 0 17 6 6 5
13 93 151 1 10 14 28 11 0 15 5 6 4
14 54 151 1 13 22 30 12 0 19 6 6 7
15 141 151 1 3 12 18 7 0 10 3 4 3
16 85 151 1 6 25 30 12 0 18 6 6 6
17 80 151 1 10 16 28 11 0 16 6 5 5
18 42 151 1 10 24 30 12 0 18 6 6 6
19 8 151 1 0 4 9 3 0 4 0 3 1
20 68 151 1 9 11 26 10 0 13 4 6 3
21 36 151 1 6 15 25 10 0 14 5 5 4
22 103 151 1 8 16 30 12 0 16 6 6 4
23 46 151 1 8 17 26 10 0 14 4 6 4
24 107 151 1 11 23 30 12 0 18 6 6 6
25 145 151 1 3 7 13 5 0 7 2 3 2
26 122 151 1 10 13 25 10 0 14 5 5 4
27 28 151 1 9 18 23 9 0 14 4 5 5
28 27 151 1 6 22 23 9 0 15 4 5 6
29 125 151 1 7 23 25 10 0 16 5 5 6
30 146 151 1 3 11 15 6 0 9 3 3 3
31 39 151 1 12 25 28 11 0 18 6 5 7
32 118 151 1 6 21 25 10 0 15 5 5 5
33 119 151 1 6 16 21 8 0 11 3 5 3
34 40 151 1 11 27 30 12 0 19 6 6 7
35 82 151 1 9 14 26 10 0 14 6 4 4
36 21 151 1 10 20 25 10 0 15 5 5 5
37 49 151 1 7 13 26 10 0 13 6 4 3
38 4 151 1 0 4 6 2 0 3 0 2 1
39 31 151 1 5 9 19 7 0 9 5 2 2
40 34 151 1 9 11 23 9 0 12 4 5 3
41 70 151 1 7 21 30 12 0 17 6 6 5
42 18 151 1 7 9 18 7 0 10 3 4 3
43 144 151 1 3 6 13 5 0 7 3 2 2
44 127 151 1 6 13 21 8 0 11 3 5 3
45 47 151 1 6 18 26 10 0 14 6 4 4
46 23 151 1 8 17 23 9 0 13 4 5 4
47 45 151 1 8 23 28 11 0 17 6 5 6
48 129 151 1 9 19 25 10 0 15 5 5 5
49 37 151 1 6 18 21 8 0 12 5 3 4
50 148 151 1 3 6 10 4 0 6 2 2 2
51 77 151 1 14 16 30 12 0 17 6 6 5
52 61 151 1 14 18 28 11 0 16 5 6 5
53 57 151 1 13 20 28 11 0 17 6 5 6
54 14 151 1 9 18 20 8 0 13 4 4 5
55 11 151 1 6 14 16 6 0 10 4 2 4
56 89 151 1 10 26 28 11 0 18 5 6 7
57 53 151 1 11 25 28 11 0 18 6 5 7
58 138 151 1 8 16 18 7 0 12 3 4 5
59 64 151 1 9 23 30 12 0 19 6 6 7
60 73 151 1 13 20 30 12 0 19 6 6 7
61 52 151 1 5 20 28 11 0 16 5 6 5
62 95 151 1 8 32 30 12 0 20 6 6 8
63 12 151 1 5 17 18 7 0 11 3 4 4
64 663 151 1 9 26 28 11 0 17 5 6 6
65 79 151 1 12 21 30 12 0 17 6 6 5
66 135 151 1 6 15 18 7 0 10 3 4 3
67 142 151 1 1 10 11 4 0 6 3 1 2
68 20 151 1 9 23 25 10 0 16 5 5 6
69 116 151 1 12 21 23 9 0 15 5 4 6
70 41 151 1 9 22 30 12 0 18 6 6 6
71 134 151 1 2 10 14 5 0 7 4 1 2
72 86 151 1 10 28 30 12 0 19 6 6 7
73 60 151 1 9 22 30 12 0 17 6 6 5
74 100 151 1 8 16 30 12 0 16 6 6 4
75 149 151 1 0 5 3 1 0 2 0 1 1
76 2 151 1 0 4 3 1 0 2 0 1 1
77 51 151 1 10 17 28 11 0 15 6 5 4
78 91 151 1 8 13 28 11 0 14 5 6 3
79 65 151 1 10 24 28 11 0 17 6 5 6
80 17 151 1 9 11 20 8 0 11 4 4 3
81 110 151 1 9 17 28 11 0 15 6 5 4
82 35 151 1 12 17 25 10 0 15 5 5 5
83 131 151 1 9 19 23 9 0 14 4 5 5
84 9 151 1 7 9 15 6 0 9 3 3 3
85 16 151 1 8 8 18 7 0 10 3 4 3
86 72 151 1 11 11 28 11 0 15 5 6 4
87 92 151 1 7 18 28 11 0 15 6 5 4
88 139 151 1 6 12 18 7 0 10 3 4 3
89 56 151 1 11 28 30 12 0 19 6 6 7
90 99 151 1 9 23 30 12 0 17 6 6 5
91 78 151 1 16 23 28 11 0 18 6 5 7
92 87 151 1 11 29 30 12 0 19 6 6 7
93 13 151 1 8 14 18 7 0 11 4 3 4
94 98 151 1 14 20 30 12 0 18 6 6 6
95 62 151 1 13 18 28 11 0 16 5 6 5
96 140 151 1 9 15 20 8 0 12 4 4 4
97 137 151 1 8 10 16 6 0 9 2 4 3
98 94 151 1 15 22 28 11 0 17 5 6 6
99 90 151 1 15 16 28 11 0 16 6 5 5
100 74 151 1 11 15 24 9 0 13 3 6 4
101 3 151 1 3 8 8 3 0 5 2 1 2
102 567 151 1 8 23 25 10 0 15 5 5 5
103 22 151 1 6 12 19 7 0 10 2 5 3
104 106 151 1 12 23 30 12 0 18 6 6 6
105 128 151 1 8 14 23 9 0 13 5 4 4
106 104 151 1 11 28 30 12 0 20 6 6 8
107 24 151 1 10 23 25 10 0 16 5 5 6
108 7 151 1 5 18 13 5 0 9 2 3 4
109 133 151 1 11 22 20 8 0 14 4 4 6
110 6423 151 1 11 35 30 12 0 20 6 6 8
111 117 151 1 15 33 25 10 0 19 5 5 9
112 120 151 1 10 22 25 10 0 16 5 5 6
113 147 151 1 4 16 10 4 0 8 2 2 4
114 102 151 1 12 31 30 12 0 20 6 6 8
115 130 151 1 9 23 23 9 0 15 5 4 6
116 69 151 1 16 28 30 12 0 19 6 6 7
117 111 151 1 14 35 30 12 0 21 6 6 9
118 32 151 1 14 28 25 10 0 19 5 5 9
119 33 151 1 12 25 23 9 0 16 5 4 7
120 112 151 1 14 24 30 12 0 20 6 6 8
121 5 151 1 3 12 11 4 0 7 3 1 3
122 26 151 1 5 20 25 10 0 15 5 5 5
123 124 151 1 5 21 23 9 0 14 5 4 5
124 123 151 1 8 23 23 9 0 15 4 5 6
125 29 151 1 5 22 21 8 0 13 5 3 5
126 6 151 1 5 17 15 6 0 10 3 3 4
127 44 151 1 11 21 28 11 0 17 5 6 6
128 105 151 1 12 21 30 12 0 18 6 6 6
129 48 151 1 11 19 30 12 0 17 6 6 5
130 115 151 1 8 21 25 10 0 15 5 5 5
131 83 151 1 14 28 30 12 0 19 6 6 7
132 143 151 1 6 14 15 6 0 9 3 3 3
133 109 151 1 10 24 30 12 0 18 6 6 6
134 71 151 1 7 15 24 9 0 12 3 6 3
135 66 151 1 8 25 30 12 0 18 6 6 6
136 10 151 1 9 19 20 8 0 13 4 4 5
137 97 151 1 13 23 30 12 0 18 6 6 6
138 58 151 1 13 30 28 11 0 19 5 6 8
139 88 151 1 11 17 28 11 0 16 6 5 5
140 96 151 1 10 26 30 12 0 19 6 6 7
141 15 151 1 7 14 18 7 0 10 4 3 3
142 67 151 1 8 14 26 10 0 13 4 6 3
143 132 151 1 7 15 23 9 0 13 5 4 4
144 43 151 1 13 31 30 12 0 20 6 6 8
145 25 151 1 7 13 19 7 0 10 5 2 3
146 30 151 1 10 16 25 10 0 14 5 5 4
147 113 151 1 10 21 30 12 0 17 6 6 5
148 50 151 1 11 19 30 12 0 17 6 6 5
149 75 151 1 6 19 28 11 0 15 6 5 4
150 150 151 1 0 4 0 0 0 1 0 0 1
2 79 157 1 4 18 28 11 0 15 5 6 4
3 105 157 1 5 12 26 10 0 13 4 6 3
4 118 157 1 4 17 25 10 0 14 5 5 4
5 63 157 1 5 10 28 11 0 13 6 5 2
6 131 157 1 5 11 23 9 0 12 4 5 3
7 45 157 1 7 21 28 11 0 16 6 5 5
8 59 157 1 5 21 28 11 0 16 5 6 5
9 35 157 1 3 14 23 9 0 12 5 4 3
10 110 157 1 6 14 30 12 0 15 6 6 3
11 100 157 1 5 12 26 10 0 13 6 4 3
12 144 157 1 5 10 20 8 0 11 4 4 3
13 145 157 1 4 9 16 6 0 8 2 4 2
14 101 157 1 7 24 30 12 0 18 6 6 6
15 21 157 1 7 19 23 9 0 14 5 4 5
16 108 157 1 10 23 30 12 0 18 6 6 6
17 37 157 1 3 16 21 8 0 11 5 3 3
18 96 157 1 10 19 28 11 0 16 5 6 5
19 124 157 1 3 10 21 8 0 10 5 3 2
20 55 157 1 9 16 30 12 0 16 6 6 4
21 15 157 1 5 8 18 7 0 9 4 3 2
22 50 157 1 9 15 30 12 0 16 6 6 4
23 41 157 1 10 17 28 11 0 16 6 5 5
24 72 157 1 13 17 28 11 0 16 5 6 5
25 44 157 1 10 14 28 11 0 15 5 6 4
26 151 157 1 4 8 13 5 0 7 2 3 2
27 64 157 1 11 20 30 12 0 18 6 6 6
28 129 157 1 9 17 23 9 0 14 4 5 5
29 65 157 1 10 28 28 11 0 18 6 5 7
30 89 157 1 9 27 30 12 0 19 6 6 7
31 76 157 1 8 29 30 12 0 20 6 6 8
32 54 157 1 12 18 30 12 0 17 6 6 5
33 138 157 
