A1
#shift, add ,sub, test, zero, neg, loop, even, k;
[42.93, 26.80, 27.27, 0.0, 27.27, 12.02, 35.10, 83.13, 21.46]
[4, 2, 4, 0, 4, 1, 4, 9, 2]
[52, 38, 28, 0, 28, 13, 39, 91, 26]
A2P1
#shift, add ,sub, test, zero, neg, loop, even, k;
[40.84, 10.43, 10.43, 0.0, 10.43, 5.70, 20.42, 36.73, 20.42]
[6, 2, 2, 0, 2, 1, 3, 6, 3]
[54, 14, 14, 0, 14, 13, 27, 53, 27]
A2P2
#shift, add ,sub, test, zero, neg, loop, even, k;
[19.30, 7.88, 0.0, 0.0, 0.0, 0.0, 19.30, 19.30, 19.30]
[3, 1, 0, 0, 0, 0, 3, 3, 3]
[27, 25, 0, 0, 0, 0, 27, 27, 27]
A3
#add ,sub, shift, even, loop, f, s, t, rmu, rmv;
[8.49, 22.87, 54.16, 1.2407709188295415e-23, 33.24, 11.19, 10.59, 10.45, 2750.07, 1968.18]
[0, 3, 0, 0, 0, 0, 0, 1, 1, 1, 1000, 1000, 1000]
[24, 46, 60, 60, 45, 35, 12, 20, 4096, 4096, 0]
A4
#a, r, p, shift, add ,sub, test, zero, neg, loop, even, k;
#slightly fishy (avg values are integers)
[39, 10, 14, 0, 20, 0, 20, 36, 19]
[4, 2, 2, 0, 3, 0, 3, 6, 2]
[52, 14, 26, 0, 27, 0, 27, 53, 26]
A5
#a, r, p, shift, add ,sub, test, zero, neg, loop, even, k;
[37, 19, 0, 0, 18, 0, 19, 33, 18]
[4, 4, 0, 0, 3, 0, 3, 6, 2]
[52, 28, 0, 0, 27, 0, 27, 53, 26]
A6
#add ,sub, shift, even, neg, loop, fbr, sbr, tbr, cu, cv;
[6, 26, 29, 11, 0, 17, 5, 5, 5, 5, 0]
[0, 4, 0, 0, 0, 1, 0, 0, 1, 0, 1000, 1000, 1000]
[43, 72, 60, 24, 0, 44, 12, 12, 20, 12, 0]
